637.013184 0.000000 256.000000 0.000000 637.013184 144.000000 0.000000 0.000000 1.000000
637.013184 0.000000 256.000000 0.000000 637.013184 144.000000 0.000000 0.000000 1.000000
637.013184 0.000000 256.000000 0.000000 637.013184 144.000000 0.000000 0.000000 1.000000
637.013184 0.000000 256.000000 0.000000 637.013184 144.000000 0.000000 0.000000 1.000000
637.013184 0.000000 256.000000 0.000000 637.013184 144.000000 0.000000 0.000000 1.000000
637.013184 0.000000 256.000000 0.000000 637.013184 144.000000 0.000000 0.000000 1.000000
637.013184 0.000000 256.000000 0.000000 637.013184 144.000000 0.000000 0.000000 1.000000
637.013184 0.000000 256.000000 0.000000 637.013184 144.000000 0.000000 0.000000 1.000000
637.013184 0.000000 256.000000 0.000000 637.013184 144.000000 0.000000 0.000000 1.000000
637.013184 0.000000 256.000000 0.000000 637.013184 144.000000 0.000000 0.000000 1.000000
637.013184 0.000000 256.000000 0.000000 637.013184 144.000000 0.000000 0.000000 1.000000
637.013184 0.000000 256.000000 0.000000 637.013184 144.000000 0.000000 0.000000 1.000000
637.013184 0.000000 256.000000 0.000000 637.013184 144.000000 0.000000 0.000000 1.000000
637.013184 0.000000 256.000000 0.000000 637.013184 144.000000 0.000000 0.000000 1.000000
637.013184 0.000000 256.000000 0.000000 637.013184 144.000000 0.000000 0.000000 1.000000
637.013184 0.000000 256.000000 0.000000 637.013184 144.000000 0.000000 0.000000 1.000000
637.013184 0.000000 256.000000 0.000000 637.013184 144.000000 0.000000 0.000000 1.000000
637.013184 0.000000 256.000000 0.000000 637.013184 144.000000 0.000000 0.000000 1.000000
637.013184 0.000000 256.000000 0.000000 637.013184 144.000000 0.000000 0.000000 1.000000
637.013184 0.000000 256.000000 0.000000 637.013184 144.000000 0.000000 0.000000 1.000000
637.013184 0.000000 256.000000 0.000000 637.013184 144.000000 0.000000 0.000000 1.000000
637.013184 0.000000 256.000000 0.000000 637.013184 144.000000 0.000000 0.000000 1.000000
637.013184 0.000000 256.000000 0.000000 637.013184 144.000000 0.000000 0.000000 1.000000
637.013184 0.000000 256.000000 0.000000 637.013184 144.000000 0.000000 0.000000 1.000000
637.013184 0.000000 256.000000 0.000000 637.013184 144.000000 0.000000 0.000000 1.000000
637.013184 0.000000 256.000000 0.000000 637.013184 144.000000 0.000000 0.000000 1.000000
637.013184 0.000000 256.000000 0.000000 637.013184 144.000000 0.000000 0.000000 1.000000
637.013184 0.000000 256.000000 0.000000 637.013184 144.000000 0.000000 0.000000 1.000000
637.013184 0.000000 256.000000 0.000000 637.013184 144.000000 0.000000 0.000000 1.000000
637.013184 0.000000 256.000000 0.000000 637.013184 144.000000 0.000000 0.000000 1.000000
637.013184 0.000000 256.000000 0.000000 637.013184 144.000000 0.000000 0.000000 1.000000
637.013184 0.000000 256.000000 0.000000 637.013184 144.000000 0.000000 0.000000 1.000000
637.013184 0.000000 256.000000 0.000000 637.013184 144.000000 0.000000 0.000000 1.000000
637.013184 0.000000 256.000000 0.000000 637.013184 144.000000 0.000000 0.000000 1.000000
637.013184 0.000000 256.000000 0.000000 637.013184 144.000000 0.000000 0.000000 1.000000
637.013184 0.000000 256.000000 0.000000 637.013184 144.000000 0.000000 0.000000 1.000000
637.013184 0.000000 256.000000 0.000000 637.013184 144.000000 0.000000 0.000000 1.000000
637.013184 0.000000 256.000000 0.000000 637.013184 144.000000 0.000000 0.000000 1.000000
637.013184 0.000000 256.000000 0.000000 637.013184 144.000000 0.000000 0.000000 1.000000
637.013184 0.000000 256.000000 0.000000 637.013184 144.000000 0.000000 0.000000 1.000000
637.013184 0.000000 256.000000 0.000000 637.013184 144.000000 0.000000 0.000000 1.000000
637.013184 0.000000 256.000000 0.000000 637.013184 144.000000 0.000000 0.000000 1.000000
637.013184 0.000000 256.000000 0.000000 637.013184 144.000000 0.000000 0.000000 1.000000
637.013184 0.000000 256.000000 0.000000 637.013184 144.000000 0.000000 0.000000 1.000000
637.013184 0.000000 256.000000 0.000000 637.013184 144.000000 0.000000 0.000000 1.000000
637.013184 0.000000 256.000000 0.000000 637.013184 144.000000 0.000000 0.000000 1.000000
637.013184 0.000000 256.000000 0.000000 637.013184 144.000000 0.000000 0.000000 1.000000
637.013184 0.000000 256.000000 0.000000 637.013184 144.000000 0.000000 0.000000 1.000000
637.013184 0.000000 256.000000 0.000000 637.013184 144.000000 0.000000 0.000000 1.000000
637.013184 0.000000 256.000000 0.000000 637.013184 144.000000 0.000000 0.000000 1.000000
637.013184 0.000000 256.000000 0.000000 637.013184 144.000000 0.000000 0.000000 1.000000
637.013184 0.000000 256.000000 0.000000 637.013184 144.000000 0.000000 0.000000 1.000000
