570.425537 0.000000 256.000000 0.000000 570.425537 144.000000 0.000000 0.000000 1.000000
570.425537 0.000000 256.000000 0.000000 570.425537 144.000000 0.000000 0.000000 1.000000
570.425537 0.000000 256.000000 0.000000 570.425537 144.000000 0.000000 0.000000 1.000000
570.425537 0.000000 256.000000 0.000000 570.425537 144.000000 0.000000 0.000000 1.000000
570.425537 0.000000 256.000000 0.000000 570.425537 144.000000 0.000000 0.000000 1.000000
570.425537 0.000000 256.000000 0.000000 570.425537 144.000000 0.000000 0.000000 1.000000
570.425537 0.000000 256.000000 0.000000 570.425537 144.000000 0.000000 0.000000 1.000000
570.425537 0.000000 256.000000 0.000000 570.425537 144.000000 0.000000 0.000000 1.000000
570.425537 0.000000 256.000000 0.000000 570.425537 144.000000 0.000000 0.000000 1.000000
570.425537 0.000000 256.000000 0.000000 570.425537 144.000000 0.000000 0.000000 1.000000
570.425537 0.000000 256.000000 0.000000 570.425537 144.000000 0.000000 0.000000 1.000000
570.425537 0.000000 256.000000 0.000000 570.425537 144.000000 0.000000 0.000000 1.000000
570.425537 0.000000 256.000000 0.000000 570.425537 144.000000 0.000000 0.000000 1.000000
570.425537 0.000000 256.000000 0.000000 570.425537 144.000000 0.000000 0.000000 1.000000
570.425537 0.000000 256.000000 0.000000 570.425537 144.000000 0.000000 0.000000 1.000000
570.425537 0.000000 256.000000 0.000000 570.425537 144.000000 0.000000 0.000000 1.000000
570.425537 0.000000 256.000000 0.000000 570.425537 144.000000 0.000000 0.000000 1.000000
570.425537 0.000000 256.000000 0.000000 570.425537 144.000000 0.000000 0.000000 1.000000
570.425537 0.000000 256.000000 0.000000 570.425537 144.000000 0.000000 0.000000 1.000000
570.425537 0.000000 256.000000 0.000000 570.425537 144.000000 0.000000 0.000000 1.000000
570.425537 0.000000 256.000000 0.000000 570.425537 144.000000 0.000000 0.000000 1.000000
570.425537 0.000000 256.000000 0.000000 570.425537 144.000000 0.000000 0.000000 1.000000
570.425537 0.000000 256.000000 0.000000 570.425537 144.000000 0.000000 0.000000 1.000000
570.425537 0.000000 256.000000 0.000000 570.425537 144.000000 0.000000 0.000000 1.000000
570.425537 0.000000 256.000000 0.000000 570.425537 144.000000 0.000000 0.000000 1.000000
570.425537 0.000000 256.000000 0.000000 570.425537 144.000000 0.000000 0.000000 1.000000
570.425537 0.000000 256.000000 0.000000 570.425537 144.000000 0.000000 0.000000 1.000000
570.425537 0.000000 256.000000 0.000000 570.425537 144.000000 0.000000 0.000000 1.000000
570.425537 0.000000 256.000000 0.000000 570.425537 144.000000 0.000000 0.000000 1.000000
570.425537 0.000000 256.000000 0.000000 570.425537 144.000000 0.000000 0.000000 1.000000
570.425537 0.000000 256.000000 0.000000 570.425537 144.000000 0.000000 0.000000 1.000000
570.425537 0.000000 256.000000 0.000000 570.425537 144.000000 0.000000 0.000000 1.000000
570.425537 0.000000 256.000000 0.000000 570.425537 144.000000 0.000000 0.000000 1.000000
570.425537 0.000000 256.000000 0.000000 570.425537 144.000000 0.000000 0.000000 1.000000
570.425537 0.000000 256.000000 0.000000 570.425537 144.000000 0.000000 0.000000 1.000000
570.425537 0.000000 256.000000 0.000000 570.425537 144.000000 0.000000 0.000000 1.000000
570.425537 0.000000 256.000000 0.000000 570.425537 144.000000 0.000000 0.000000 1.000000
570.425537 0.000000 256.000000 0.000000 570.425537 144.000000 0.000000 0.000000 1.000000
570.425537 0.000000 256.000000 0.000000 570.425537 144.000000 0.000000 0.000000 1.000000
570.425537 0.000000 256.000000 0.000000 570.425537 144.000000 0.000000 0.000000 1.000000
570.425537 0.000000 256.000000 0.000000 570.425537 144.000000 0.000000 0.000000 1.000000
570.425537 0.000000 256.000000 0.000000 570.425537 144.000000 0.000000 0.000000 1.000000
570.425537 0.000000 256.000000 0.000000 570.425537 144.000000 0.000000 0.000000 1.000000
570.425537 0.000000 256.000000 0.000000 570.425537 144.000000 0.000000 0.000000 1.000000
570.425537 0.000000 256.000000 0.000000 570.425537 144.000000 0.000000 0.000000 1.000000
570.425537 0.000000 256.000000 0.000000 570.425537 144.000000 0.000000 0.000000 1.000000
570.425537 0.000000 256.000000 0.000000 570.425537 144.000000 0.000000 0.000000 1.000000
570.425537 0.000000 256.000000 0.000000 570.425537 144.000000 0.000000 0.000000 1.000000
570.425537 0.000000 256.000000 0.000000 570.425537 144.000000 0.000000 0.000000 1.000000
570.425537 0.000000 256.000000 0.000000 570.425537 144.000000 0.000000 0.000000 1.000000
570.425537 0.000000 256.000000 0.000000 570.425537 144.000000 0.000000 0.000000 1.000000
570.425537 0.000000 256.000000 0.000000 570.425537 144.000000 0.000000 0.000000 1.000000
570.425537 0.000000 256.000000 0.000000 570.425537 144.000000 0.000000 0.000000 1.000000
570.425537 0.000000 256.000000 0.000000 570.425537 144.000000 0.000000 0.000000 1.000000
570.425537 0.000000 256.000000 0.000000 570.425537 144.000000 0.000000 0.000000 1.000000
570.425537 0.000000 256.000000 0.000000 570.425537 144.000000 0.000000 0.000000 1.000000
570.425537 0.000000 256.000000 0.000000 570.425537 144.000000 0.000000 0.000000 1.000000
570.425537 0.000000 256.000000 0.000000 570.425537 144.000000 0.000000 0.000000 1.000000
570.425537 0.000000 256.000000 0.000000 570.425537 144.000000 0.000000 0.000000 1.000000
570.425537 0.000000 256.000000 0.000000 570.425537 144.000000 0.000000 0.000000 1.000000
570.425537 0.000000 256.000000 0.000000 570.425537 144.000000 0.000000 0.000000 1.000000
570.425537 0.000000 256.000000 0.000000 570.425537 144.000000 0.000000 0.000000 1.000000
570.425537 0.000000 256.000000 0.000000 570.425537 144.000000 0.000000 0.000000 1.000000
570.425537 0.000000 256.000000 0.000000 570.425537 144.000000 0.000000 0.000000 1.000000
570.425537 0.000000 256.000000 0.000000 570.425537 144.000000 0.000000 0.000000 1.000000
570.425537 0.000000 256.000000 0.000000 570.425537 144.000000 0.000000 0.000000 1.000000
570.425537 0.000000 256.000000 0.000000 570.425537 144.000000 0.000000 0.000000 1.000000
570.425537 0.000000 256.000000 0.000000 570.425537 144.000000 0.000000 0.000000 1.000000
570.425537 0.000000 256.000000 0.000000 570.425537 144.000000 0.000000 0.000000 1.000000
570.425537 0.000000 256.000000 0.000000 570.425537 144.000000 0.000000 0.000000 1.000000
570.425537 0.000000 256.000000 0.000000 570.425537 144.000000 0.000000 0.000000 1.000000
570.425537 0.000000 256.000000 0.000000 570.425537 144.000000 0.000000 0.000000 1.000000
570.425537 0.000000 256.000000 0.000000 570.425537 144.000000 0.000000 0.000000 1.000000
570.425537 0.000000 256.000000 0.000000 570.425537 144.000000 0.000000 0.000000 1.000000
570.425537 0.000000 256.000000 0.000000 570.425537 144.000000 0.000000 0.000000 1.000000
570.425537 0.000000 256.000000 0.000000 570.425537 144.000000 0.000000 0.000000 1.000000
570.425537 0.000000 256.000000 0.000000 570.425537 144.000000 0.000000 0.000000 1.000000
570.425537 0.000000 256.000000 0.000000 570.425537 144.000000 0.000000 0.000000 1.000000
570.425537 0.000000 256.000000 0.000000 570.425537 144.000000 0.000000 0.000000 1.000000
570.425537 0.000000 256.000000 0.000000 570.425537 144.000000 0.000000 0.000000 1.000000
570.425537 0.000000 256.000000 0.000000 570.425537 144.000000 0.000000 0.000000 1.000000
570.425537 0.000000 256.000000 0.000000 570.425537 144.000000 0.000000 0.000000 1.000000
