0.0 -0.0035605314187705517 -0.0006093906122259796 -0.002300779102370143 0.9959673650239411 0.005084854444201379 0.08883941213815641 0.01143288736477323
1.0 -0.003890120657160878 -0.0005827234708704054 -0.002143195131793618 0.9960241215397901 0.005114560032262181 0.08818046185724432 0.01157569579804101
2.0 -0.0038285451009869576 -0.0006194849265739322 -0.002145260339602828 0.9961243959241646 0.00521145964013109 0.08710791597279405 0.011010881345932418
3.0 -0.003959020599722862 -0.0005900885444134474 -0.0021054318640381098 0.9962521987023807 0.00528417591197596 0.08565487655415448 0.010810929104200107
4.0 -0.003856177208945155 -0.0005966878961771727 -0.0021319277584552765 0.9963585461199589 0.005400258836624731 0.08443680444187725 0.010531421265115143
5.0 -0.0038352012634277344 -0.0005357813788577914 -0.0020561811979860067 0.996473233130146 0.005510254097831765 0.08304992959726856 0.010650913050985894
6.0 -0.0037900733295828104 -0.00043948765960521996 -0.0019572179298847914 0.9965894675432883 0.0056071812463200634 0.08161216083825573 0.010837338398644562
7.0 -0.003782708663493395 -0.0003897193819284439 -0.0020024008117616177 0.9967216727595085 0.005742932540811437 0.07994567265031238 0.011027928264553033
8.0 -0.0037735039368271828 -0.00039595417911186814 -0.001765763503499329 0.9968473479194881 0.005823929424549125 0.07835727402273976 0.011026531624494629
9.0 -0.0037059795577079058 -0.00035218396806158125 -0.0018418338149785995 0.9969812082265598 0.005867816166572881 0.07666321043699367 0.010807004304509706
10.0 -0.0036321531515568495 -0.00030579548911191523 -0.001658688997849822 0.9971043389940567 0.005864344206636672 0.07505382845563634 0.010745671705542265
11.0 -0.0035561728291213512 -0.00029436126351356506 -0.0017857409548014402 0.9972143178146043 0.006063607304361206 0.07353630880235834 0.010920086983894952
12.0 -0.003576849354431033 -0.0002452852495480329 -0.001663046539761126 0.9973178907569749 0.006177849144930424 0.07202283696569421 0.011470392818657091
13.0 -0.0034352175425738096 -0.0002305113448528573 -0.0016452312702313066 0.9974154241964008 0.006403140896145786 0.07053826471774492 0.012075784545408991
14.0 -0.003488464979454875 -0.00027150314417667687 -0.0015457061817869544 0.9975287949589087 0.006593887597076196 0.06881490930641398 0.012543210567262344
15.0 -0.0034571769647300243 -0.00022826057102065533 -0.0015736055793240666 0.9976551631760442 0.006782908593015197 0.06689570662989096 0.012772312777532243
16.0 -0.003323702374473214 -0.0003243008686695248 -0.001519880024716258 0.9977880765499081 0.006942507792265192 0.0649313543517073 0.012436844553265079
17.0 -0.0032964362762868404 -0.00030400886316783726 -0.0015224638627842069 0.9979186738858108 0.007034433765356805 0.06293886313091442 0.012146462833833957
18.0 -0.003222534665837884 -0.0003519355086609721 -0.0014826463302597404 0.9980516770668244 0.007165753899463534 0.06085570635571079 0.011750952263501688
19.0 -0.0032061601523309946 -0.00036131529486738145 -0.0013746990589424968 0.9981801555788454 0.007171288346345617 0.058811175986783516 0.01123366418837121
20.0 -0.00314227188937366 -0.00033885895390994847 -0.0014177330303937197 0.9982961308456914 0.007152474050665312 0.05686993212464816 0.010931060040759869
21.0 -0.003037594025954604 -0.0004309194046072662 -0.001468125032261014 0.9983994779767983 0.007240007194896873 0.055036602560799786 0.010818366329494119
22.0 -0.0029876939952373505 -0.00035464478423818946 -0.0013689241604879498 0.998500072943631 0.007151542159991655 0.0531502812146789 0.011023038741558905
23.0 -0.002917067613452673 -0.00047253764932975173 -0.0012596551096066833 0.9985844603094866 0.00741101271157434 0.05145712038746514 0.01123909606820166
24.0 -0.00291330530308187 -0.0003480668237898499 -0.001167266396805644 0.9986556333536342 0.007449297677048629 0.04998229523249253 0.011541407993063812
25.0 -0.0028081617783755064 -0.0004160378884989768 -0.0011932848719879985 0.9987163715551886 0.007636726848697263 0.04863179962987306 0.011926342919641644
26.0 -0.002774310763925314 -0.00034398678690195084 -0.0011524473084136844 0.9987713992709398 0.007725702577634378 0.04736591928225178 0.012348085219913325
27.0 -0.0027280293870717287 -0.0004444447986315936 -0.001036778325214982 0.9988251417183426 0.007824207325978534 0.04606362180421241 0.012855380092842202
28.0 -0.0027197704184800386 -0.00029438058845698833 -0.0011031273752450943 0.9988772969265428 0.0077813835720870845 0.044778229433444616 0.01336061088547306
29.0 -0.002675148192793131 -0.0003458251594565809 -0.0010470675770193338 0.998930279422428 0.00788772401353784 0.04344400098886099 0.013736791510250906
30.0 -0.0025693527422845364 -0.00029025442199781537 -0.0010915481252595782 0.9989860572014027 0.007845746919271972 0.042139756101522347 0.013767451767808974
31.0 -0.002549939788877964 -0.00038659662823192775 -0.0010615558130666614 0.9990598674005882 0.007944913503594428 0.04050552627495271 0.01324998264635105
32.0 -0.0025276492815464735 -0.0003117838641628623 -0.0009564437787048519 0.9991209970576288 0.007790996123667542 0.039037744822262195 0.013137278910131119
33.0 -0.0024834852665662766 -0.0003676912747323513 -0.0009073909604921937 0.9991815741435736 0.007803542513453415 0.037614830318756245 0.012665352592894225
34.0 -0.0024112090468406677 -0.00031797814881429076 -0.0009554701391607523 0.9992420372477941 0.00773831864107926 0.03610038095956793 0.012338229859308365
35.0 -0.0023809222038835287 -0.00030541993328370154 -0.0009407828911207616 0.999293612902032 0.007714492033689686 0.034761949041553636 0.012015353706762323
36.0 -0.002324481029063463 -0.00031969312112778425 -0.0008414940093643963 0.9993389220681583 0.007790495788005498 0.03347107273635833 0.01186230605345809
37.0 -0.0022565366234630346 -0.0003512183320708573 -0.0008090289775282145 0.9993824908503307 0.0077861416080860345 0.032189596735119376 0.011740649159132779
38.0 -0.0022150601726025343 -0.0003221531806048006 -0.0007913302397355437 0.9994249993625042 0.007768725759146668 0.03090313866757597 0.011589373142248416
39.0 -0.0020775182638317347 -0.0002835836785379797 -0.0007519727223552763 0.9994669327851404 0.007689301110280795 0.029610384899115282 0.011399562431303727
40.0 -0.0020513879135251045 -0.00032621208811178803 -0.000667178479488939 0.9995093877847641 0.0077393212817252885 0.028233038477017542 0.011134728311892479
41.0 -0.002039259299635887 -0.0003183101653121412 -0.0007160274544730783 0.999543617992893 0.007778112984059742 0.02704081712133683 0.010993220524263204
42.0 -0.002008055569604039 -0.00028591009322553873 -0.0005189022049307823 0.9995886906454394 0.007815379171313964 0.025598409930667528 0.010300038406052632
43.0 -0.0017495559295639396 -0.0003122953057754785 -0.0006271058809943497 0.999643758749655 0.007901005092214416 0.023975577980476292 0.00866610477067338
44.0 -0.0016673801001161337 -0.0003143019275739789 -0.00045026926090940833 0.9996890182725165 0.007890078036634171 0.022473101730660715 0.007387361674583033
45.0 -0.0015178392641246319 -0.0003023175522685051 -0.0003742904227692634 0.9997290400060005 0.007808204702560057 0.021028493251791267 0.00621940347322546
46.0 -0.0013459490146487951 -0.0003149478288833052 -0.0004116646887268871 0.9997743896847482 0.007799378745197326 0.019224932721251125 0.004554270912191338
47.0 -0.0011208773357793689 -0.00029105512658134103 -0.00043855360127054155 0.9998032369450666 0.007628169072317402 0.01792415635965827 0.0037447362478312276
48.0 -0.001109760021790862 -0.0003337048692628741 -0.00019760099530685693 0.9998276255773291 0.007471711755137081 0.01671589393342323 0.0030775876681476346
49.0 -0.0009050795924849808 -0.0002679562021512538 -0.00023604535090271384 0.999855875931954 0.007109807608194371 0.015304061751024781 0.001861100223064142
50.0 -0.0007751758093945682 -0.0002075414959108457 -0.0002430952590657398 0.9998797430421885 0.006386228531968817 0.014129893279500228 0.0002483041168738694
51.0 -0.0006337690283544362 -0.00015803592395968735 -0.0001287968480028212 0.9999009343891857 0.005110231751421391 0.01297270042645909 -0.0019276884409574304
52.0 -0.0004294118261896074 -0.00012296468776185066 -0.000258351385127753 0.9999121904188861 0.0032352195465945584 0.012189037504115981 -0.0040708931346561715
53.0 -0.00026438498753122985 -8.603088645031676e-05 -5.710727782570757e-05 0.9999161311919463 0.0009078704906522432 0.011628106344360838 -0.005629697695862931
54.0 0.0 0.0 0.0 0.9999143845510692 -0.0016018104579460493 0.011308686690351831 -0.00638524678090103
55.0 -1.6832162145874463e-05 -4.974246257916093e-05 -1.0819243470905349e-05 0.9999010882583264 -0.004128113186747403 0.011442697963272483 -0.007059535725050257
56.0 0.0001145522910519503 -0.00010073887824546546 5.7478424423607066e-05 0.9998856116932043 -0.006489402018141873 0.011543816094351475 -0.007306948770406145
57.0 6.72093519824557e-05 -9.652494918555021e-05 0.00011593821545829996 0.9998709667191487 -0.008662504666876188 0.011625616969576494 -0.006917799873381172
58.0 0.00019002752378582954 -9.119291644310579e-05 6.814900552853942e-05 0.9998494607285507 -0.010720453430333466 0.011907046952061136 -0.006659578962361
59.0 0.00020711211254820228 -9.133422281593084e-05 0.0001901957584777847 0.9998277773929082 -0.012410742277612465 0.011968596992579184 -0.006865982501080263
60.0 0.0002726615348365158 -0.00021335275960154831 0.00028418077272363007 0.9998034052671264 -0.013981119958296026 0.01194648133132302 -0.0074135473810090285
61.0 0.00042955129174515605 -0.00017711089458316565 0.00023479264928027987 0.999777790928961 -0.015426420913990687 0.01201282484946033 -0.007879488697065368
62.0 0.0003924260672647506 -0.0001843983627622947 0.0003407641779631376 0.9997536032433847 -0.01689098172573417 0.012050967230008673 -0.007886807150622203
63.0 0.00045195629354566336 -0.00019758341659326106 0.0002146460028598085 0.9997279369519304 -0.018306399717368194 0.012090174886698045 -0.00792183554702358
64.0 0.00048533137305639684 -0.0001732968958094716 0.00036338777863420546 0.9997022443361736 -0.01983074151685939 0.012078348164903744 -0.007501857484390945
65.0 0.0004095820477232337 -0.00017337668396066874 0.0002619527222122997 0.9996772421127255 -0.021208518958398627 0.011921584979653801 -0.007313421706652066
66.0 0.00044749214430339634 -0.00015099723532330245 0.00037712897756136954 0.9996542073602603 -0.02239873803189808 0.011782886954009092 -0.007136232657148091
67.0 0.0004999729571864009 -0.00021725583064835519 0.0004237559041939676 0.9996285346304329 -0.02348755170405114 0.01160971808534627 -0.007506138390796994
68.0 0.0006008641794323921 -0.0001941365480888635 0.00038418167969211936 0.9996032598898333 -0.024472164711617908 0.011497714193460674 -0.007889140654804032
69.0 0.0006255859043449163 -0.00018333943444304168 0.0003480302111711353 0.9995838933163149 -0.02524412890863081 0.011344717650070283 -0.008128441405497159
70.0 0.0005941255367361009 -8.150911162374541e-05 0.00048457144293934107 0.9995675895367531 -0.025986810394745558 0.011282610667911915 -0.007875425684298061
71.0 0.0007274971576407552 -6.98999865562655e-05 0.00046511279651895165 0.9995526925883361 -0.02656308206256313 0.011385142170657269 -0.0076938903357514415
72.0 0.0006736058858223259 5.59472682652995e-05 0.00043489341624081135 0.9995405072126216 -0.02712072761549905 0.011319123415099832 -0.007424151120147489
73.0 0.0006018408457748592 6.039923846401507e-06 0.0005529175978153944 0.9995292238977018 -0.027608809349244513 0.01117546265531517 -0.0073616068364587344
74.0 0.0006537990993820131 5.230170063441619e-05 0.00041532155591994524 0.9995146850010049 -0.028162053175519116 0.011097895492162928 -0.007357305480025028
75.0 0.0006975697469897568 -4.9787531679612584e-06 0.0005509706097654998 0.9995028871275415 -0.028653489211775685 0.011017247115154144 -0.007181674296657433
76.0 0.0006205408135429025 5.599918949883431e-05 0.000495552143547684 0.999489702534268 -0.029175382025939764 0.010798039033743517 -0.007248031776044133
77.0 0.0006576027953997254 0.00018750895105767995 0.0004946215194649994 0.9994738111038073 -0.029765521211970333 0.010730802338241575 -0.007138945705655385
78.0 0.0006354565266519785 0.00027792376931756735 0.0005911898333579302 0.9994634295918549 -0.03019794221842946 0.010669744170499823 -0.006862488877635266
79.0 0.0006258051726035774 0.00029499171068891883 0.0005661867326125503 0.999449226493436 -0.030724816819610846 0.010663690012583786 -0.006596590664069752
80.0 0.0005668300436809659 0.0005723225767724216 0.0006591941346414387 0.9994398863365213 -0.03109885522256432 0.010638902363287293 -0.006291944055055861
81.0 0.0005173693643882871 0.000876394275110215 0.0006696085911244154 0.9994372941363616 -0.031218421142724932 0.010569613125262042 -0.00622804536957577
