0.0 -0.00014771317364647985 -0.001270331791602075 -0.004994478076696396 0.9999476623321866 -0.0023871674217986433 0.008081417791237139 -0.005802130175989615
1.0 -0.00013341210433281958 -0.0014081753324717283 -0.004959424491971731 0.999947139153843 -0.0022418614046322747 0.00810923762957388 -0.005910433195162106
2.0 -0.00015029670612420887 -0.0013826400972902775 -0.004855385981500149 0.9999471466548748 -0.0021308833101797054 0.008153487054655585 -0.005889302330673452
3.0 0.0 0.0 0.0 0.9999474556302552 -0.0005888539829374919 0.0084546650398024 -0.00576696355374604
4.0 -5.567296830122359e-05 -0.001369269099086523 -0.00501071335747838 0.9999456549168693 -0.0023537190708174385 0.008201422037607443 -0.005990316850563305
5.0 -7.16764698154293e-05 -0.001504590967670083 -0.0051001072861254215 0.9999451609194671 -0.0024307254721745333 0.008188492779816935 -0.006059316249797236
6.0 -0.00013246216985862702 -0.0014871690655127168 -0.005158153362572193 0.999945886041612 -0.0025402028354274083 0.008071836145434066 -0.006051265921413423
7.0 -8.935399819165468e-05 -0.001547485706396401 -0.0051454100757837296 0.999945291614689 -0.002552762665425473 0.008082176549446988 -0.006129894176258204
8.0 -7.230405753944069e-05 -0.0015268645947799087 -0.005232625175267458 0.9999454539497623 -0.0026291966974412583 0.008072673827430097 -0.0060834519153183785
9.0 -3.78453332814388e-05 -0.0015868375776335597 -0.005227549001574516 0.9999443600577931 -0.002627242905044877 0.008092822408374847 -0.006235431724824612
10.0 -0.00013290550850797445 -0.0016046190867200494 -0.005295914597809315 0.9999458318436746 -0.002694188512985332 0.008002938396341424 -0.006085039337815803
11.0 -0.00011728148092515767 -0.0016178952064365149 -0.005329679232090712 0.9999451457775209 -0.002757016235039952 0.008019503056055265 -0.006147509104180964
12.0 -9.31598842726089e-05 -0.0016083680093288422 -0.005438550841063261 0.9999439019561006 -0.002827025225949996 0.008026951328983149 -0.00630626050383258
13.0 -0.00010558212670730427 -0.0016733823576942086 -0.005512489005923271 0.9999444542896989 -0.0029033635262944195 0.008033506904547167 -0.006174267756194279
14.0 -7.692093640798703e-05 -0.0017479232046753168 -0.005565600004047155 0.9999434111546603 -0.002988474917930598 0.008038830009978602 -0.006294499036250442
15.0 -0.00015053559036459774 -0.0018293489702045918 -0.005568340420722961 0.9999440866494195 -0.0030281681733001255 0.008029851970307188 -0.006178612280076091
16.0 -9.874390525510535e-05 -0.0017911309842020273 -0.005715825594961643 0.9999431567980741 -0.0031288403671184115 0.008056213246860695 -0.006244274079546406
17.0 -5.9315661928849295e-05 -0.0018422186840325594 -0.005786355119198561 0.999942928030137 -0.0032308793315187065 0.008099008184956149 -0.006173181325829124
18.0 -0.0001325092016486451 -0.0018710324075073004 -0.0059220814146101475 0.999943278684928 -0.0033018938620962934 0.008029066384884346 -0.006170170398542331
19.0 -4.140539749641903e-05 -0.0019639795646071434 -0.00592073006555438 0.9999418726119096 -0.003343581541762425 0.008127883001224998 -0.006245748776546148
20.0 -0.00016400696767959744 -0.0019865750800818205 -0.006067019887268543 0.9999427783618735 -0.0034489507281029994 0.008051604626282845 -0.006141368231459588
21.0 -4.235659434925765e-05 -0.0020493059419095516 -0.006157268770039082 0.9999414555804622 -0.003514882801411977 0.008136918216585104 -0.006206574937541963
22.0 -0.0001666031457716599 -0.002134950365871191 -0.006246109493076801 0.999942653249345 -0.003563789309224618 0.00805260874033165 -0.006094678900072729
23.0 -5.4950880439719185e-05 -0.0021380099933594465 -0.006410058122128248 0.9999407929967354 -0.003674737375428581 0.008138921966616157 -0.006218099026444969
24.0 -8.151637302944437e-05 -0.0021898450795561075 -0.006473447661846876 0.9999413156781869 -0.0037192449278299123 0.008135591738653103 -0.0061110198825714765
25.0 -3.61654965672642e-05 -0.0021909235510975122 -0.006510107312351465 0.9999406266010642 -0.0037964426732559546 0.008156041715667018 -0.006148925046884333
26.0 -1.3852451047569048e-05 -0.0022351923398673534 -0.006525835487991571 0.9999401313772154 -0.003832689900131451 0.008156138336130318 -0.006206573683486939
27.0 -5.2235541261325125e-06 -0.0022915431763976812 -0.006645651068538427 0.9999404044535725 -0.003883560276087184 0.008169313071825028 -0.006112922765962805
28.0 7.267830369528383e-06 -0.002316197846084833 -0.006668760906904936 0.999939384584789 -0.003950159353624669 0.00819418243778262 -0.006203125941859018
29.0 -2.2255306248553097e-05 -0.0023537452798336744 -0.006783303339034319 0.9999400343196859 -0.003977875334454181 0.00814181857612534 -0.006149395323310455
30.0 3.322336488054134e-05 -0.0023929376620799303 -0.0067739225924015045 0.9999395775343268 -0.003982608341653775 0.00818661832994487 -0.006161119345439708
31.0 -4.04662532673683e-05 -0.0023900161031633615 -0.006942638196051121 0.9999401827762417 -0.004053556510219827 0.008138575861895876 -0.0060797312419773614
32.0 -3.409253986319527e-05 -0.002438206225633621 -0.006917424965649843 0.9999390134646481 -0.0040794503950479484 0.00813439250881667 -0.006257722775350867
33.0 -7.963001735333819e-06 -0.002400290919467807 -0.007034748792648315 0.9999394672501638 -0.004148994045701736 0.008154993271437122 -0.0061109548034803075
34.0 1.9345736291143112e-05 -0.0024569309316575527 -0.007031366229057312 0.9999385870758615 -0.004153039517051624 0.008179822972835262 -0.006218105469722107
35.0 -7.944060052977875e-05 -0.0024406760931015015 -0.007170384284108877 0.9999388872366511 -0.004205380927049088 0.008124255482573164 -0.006207498372161823
36.0 2.7123951440444216e-05 -0.0025008239317685366 -0.007139670662581921 0.9999392126266127 -0.004204192660459326 0.00817696659373239 -0.00608547722602661
37.0 2.2639669623458758e-05 -0.0024947989732027054 -0.007142844144254923 0.9999379869988795 -0.0042600547981102846 0.008196959814930656 -0.006219641431654689
38.0 3.997611202066764e-05 -0.0025751832872629166 -0.007165706250816584 0.9999387297232756 -0.0042454249963536075 0.008212843285766564 -0.006087887249747977
39.0 2.786369623208884e-05 -0.002535856794565916 -0.007237234618514776 0.9999378933788842 -0.004281084586468955 0.008179058898124467 -0.00624377252178361
40.0 3.930883394787088e-06 -0.002582874149084091 -0.007256573997437954 0.9999385584036278 -0.004281467354056879 0.00817331419847683 -0.006143727694456787
41.0 -3.5670227589434944e-06 -0.002564020687714219 -0.007318662479519844 0.999938538184481 -0.0042909078163550374 0.008141580189440022 -0.006182445763111418
42.0 -1.3269660485093482e-05 -0.0026179542765021324 -0.007318154443055391 0.9999386034228531 -0.0043206627180303785 0.008146803856131908 -0.006144171657832715
43.0 -8.156367584888358e-06 -0.002569174161180854 -0.007354324217885733 0.9999386572741163 -0.00433812265766008 0.008155192358247208 -0.0061118915439105
44.0 -2.3448003048542887e-05 -0.0026161037385463715 -0.007390487007796764 0.9999382691416927 -0.004358387193075432 0.008122402047816306 -0.006203946483053719
45.0 6.66519845253788e-05 -0.002625510096549988 -0.007352169137448072 0.9999380784872931 -0.004377398301147081 0.008213506418386559 -0.006100482568463951
46.0 6.585420487681404e-05 -0.002645754488185048 -0.007399136666208506 0.9999369698656031 -0.004386978921446752 0.008206396416025647 -0.0062821787464045105
47.0 -3.78983277187217e-05 -0.0026858984492719173 -0.0074945660308003426 0.9999390887743915 -0.0043467062981233226 0.008104509845659786 -0.0061026064561882885
48.0 -6.076742806726543e-07 -0.002647146349772811 -0.00745830312371254 0.9999376502931581 -0.004374488571052969 0.008135556861651157 -0.006274718359468548
49.0 2.5939250917872414e-05 -0.0025861207395792007 -0.007495504803955555 0.9999373577745183 -0.004428350267777432 0.008201995560367867 -0.0061965724112990036
50.0 9.292840695707127e-05 -0.002648370573297143 -0.007338833995163441 0.999937978815508 -0.004394629907201813 0.008206916088440505 -0.006113287057923876
51.0 -2.3886268536443822e-05 -0.0026125942822545767 -0.007511317729949951 0.999938131931362 -0.004424630578351315 0.008136679113023149 -0.00616030899182922
