0.0 0.0005018324009142816 0.040201336145401 0.11056714504957199 0.9971544359677079 0.07228006960277518 -0.015488210757675588 -0.01478978348948673
1.0 0.000995648792013526 0.04021105170249939 0.1103597953915596 0.9971745538154173 0.07247792231725234 -0.013620792577284511 -0.014294544734422817
2.0 0.0011053697671741247 0.04023244231939316 0.11044365912675858 0.9972046408252239 0.07253356529519997 -0.011546748822938147 -0.013728030223709763
3.0 0.0012955904239788651 0.040434353053569794 0.11068383604288101 0.9972343601916926 0.07257161832463564 -0.009453489698692653 -0.012946914664332584
4.0 0.0014926358126103878 0.04052608832716942 0.11078133434057236 0.9972412696742617 0.07276517636519902 -0.0075683385876422465 -0.012561823833769182
5.0 0.0015494866529479623 0.040600378066301346 0.11100347340106964 0.997245377242211 0.07298993319825002 -0.005367383269752761 -0.0120548088989782
6.0 0.0016153675969690084 0.040697552263736725 0.11110573261976242 0.9972484803730238 0.0731738921897456 -0.003348594552858375 -0.011394595649644849
7.0 0.001805329928174615 0.04077764227986336 0.11116544902324677 0.9972513954075873 0.07329926399149314 -0.001206737021060775 -0.010743185825786154
8.0 0.0019570940639823675 0.040813833475112915 0.11132030189037323 0.9972508025789198 0.07335159094155505 0.0006446853472241606 -0.010486431368496908
9.0 0.002564898459240794 0.040452927350997925 0.11094097793102264 0.9972629452238756 0.07318119525857117 0.0020776065709992523 -0.010335100138088627
10.0 0.0 0.0 0.0 0.9996568998179549 0.02127244143375434 0.005970301786144113 -0.014068453304650064
11.0 0.0020395012106746435 0.0414506159722805 0.11200018227100372 0.9971338455242486 0.07464440459521361 0.007856139355642928 -0.009517775321735453
12.0 0.0028625766281038523 0.04215062037110329 0.11278284341096878 0.9970545774353635 0.07554260553597736 0.009721217313071155 -0.008999016500520792
13.0 0.0030741209629923105 0.04277322441339493 0.11338768154382706 0.9969523347327285 0.07658473971810088 0.01217557775771521 -0.008519109081248257
14.0 0.003371087834239006 0.04325508698821068 0.11395876109600067 0.9968582021691702 0.07743481180100101 0.014698089187733398 -0.007844798507463582
15.0 0.0036270010750740767 0.04401932284235954 0.11458850651979446 0.9967358055851145 0.0785577233013959 0.01721850491698923 -0.007066899087846505
16.0 0.0039024068973958492 0.044672079384326935 0.11512995511293411 0.9966125883327746 0.07954501043713151 0.020007024232021074 -0.00597152179795815
17.0 0.004145215731114149 0.04538370668888092 0.11561962962150574 0.9964544445924716 0.08082446853502305 0.02280477424934667 -0.005087967116273573
18.0 0.004338878206908703 0.0460415817797184 0.11632541567087173 0.9963133281585616 0.08180008239062306 0.025497590274938472 -0.0042862039929301475
19.0 0.004669117741286755 0.04686017706990242 0.1168597862124443 0.9961523697932443 0.0828812170639348 0.028270217601783276 -0.003457572855643263
20.0 0.004963842686265707 0.04742627218365669 0.11732502281665802 0.9959998060115605 0.08377876029837047 0.030939058351597947 -0.0028775712186945484
21.0 0.005463099107146263 0.04805506393313408 0.11773999035358429 0.9958239393532671 0.08480339297713249 0.033725906001317335 -0.0023726809513570147
22.0 0.005773390177637339 0.04883306846022606 0.11845583468675613 0.9956164684536236 0.08610897851326602 0.03645812465106753 -0.0019740086787467964
23.0 0.006081422790884972 0.049707308411598206 0.11907032877206802 0.9953871565735233 0.08747429788954807 0.03937307654035394 -0.001554535607323298
24.0 0.006453103851526976 0.05057393014431 0.11966493725776672 0.9951216778422842 0.0891507628013202 0.04223382276259058 -0.001136659649157609
25.0 0.006840039044618607 0.051485490053892136 0.1201891154050827 0.9948391736273722 0.09094207687182788 0.04499155964043657 -0.0005628781100998536
26.0 0.0071663823910057545 0.05254951864480972 0.12092374265193939 0.9945236275671113 0.09302065697353991 0.04764353493171612 7.187610853063462e-05
27.0 0.0074158888310194016 0.053901880979537964 0.1217612698674202 0.9941628754600571 0.0954898066955011 0.05020959159839836 0.0009331590264610445
28.0 0.007691431324928999 0.05536683648824692 0.12260903418064117 0.9937895881332202 0.09807725996053283 0.052527357680574135 0.001995568023354962
29.0 0.007966354489326477 0.05730843544006348 0.12373939901590347 0.9933089917923744 0.10161552693778084 0.054786042979943814 0.0031655969695370124
30.0 0.008450154215097427 0.059526462107896805 0.12508723139762878 0.9928558789673492 0.10487075576955501 0.05676021168087242 0.004196016472490806
31.0 0.008845844306051731 0.0623299777507782 0.12698563933372498 0.9922078403181734 0.10963105460996016 0.058953612234225586 0.005394912491468427
32.0 0.009022184647619724 0.06492966413497925 0.12900425493717194 0.9915826301669518 0.11404166500140875 0.06095976860755238 0.006503291951786432
33.0 0.00922069326043129 0.06812848150730133 0.1317625194787979 0.9908152297228102 0.11918109522276049 0.06335579949512114 0.008190833972935936
34.0 0.008931192569434643 0.07228850573301315 0.13616879284381866 0.9896870522800215 0.1264660435840325 0.06644971018343433 0.01050306555349874
35.0 0.008636156097054482 0.07645020633935928 0.14098988473415375 0.9885068670216399 0.1336705897423623 0.06943297821880966 0.012861136211752899
36.0 0.007996530272066593 0.08188892155885696 0.14856666326522827 0.9867739194551375 0.1437440076117239 0.07318181825868544 0.016103218163435355
37.0 0.00798770785331726 0.08577974140644073 0.15365968644618988 0.9853914242072045 0.15122140833328768 0.07615011629399147 0.018357193385856705
38.0 0.008015844039618969 0.0893029123544693 0.15893815457820892 0.9839583703534392 0.15848559931304362 0.07919871647076172 0.020875907912551513
39.0 0.008092377334833145 0.09213587641716003 0.1631319522857666 0.9827796230498568 0.1641098450420902 0.08178046233029554 0.02289382578962472
40.0 0.00855099968612194 0.09399474412202835 0.1656196266412735 0.9819680135697382 0.16763462484030747 0.08395442476604156 0.024271535648877785
41.0 0.00886579044163227 0.0954514890909195 0.1676192581653595 0.9812523854328637 0.1705071926664429 0.08615022193265538 0.025479258079412252
42.0 0.009519974701106548 0.09648334980010986 0.16887229681015015 0.9806956687771505 0.172470076059805 0.08826748998956054 0.02643725244054621
43.0 0.010133258067071438 0.09744207561016083 0.16976076364517212 0.9802098284253741 0.17399433431837083 0.0904075554077984 0.027223846322507766
44.0 0.01063700020313263 0.09815836697816849 0.17045004665851593 0.9796604681461799 0.17564156559725827 0.09286302992852741 0.028140100544333684
45.0 0.010980215854942799 0.09911677241325378 0.17149274051189423 0.9791839721228073 0.17682712563518008 0.09539421424772782 0.02882464684016412
46.0 0.011342140845954418 0.09976062178611755 0.171981081366539 0.9786420713524325 0.17801028930189708 0.09842661270756617 0.02973608906009757
47.0 0.01147534977644682 0.10028114914894104 0.1726510375738144 0.9782073182763241 0.1787832278565122 0.10109364765567165 0.030447895026089897
48.0 0.011709330603480339 0.10079504549503326 0.17310361564159393 0.9777886510500637 0.17947265074857477 0.10370354574653425 0.031056337687713386
49.0 0.012127467431128025 0.10135267674922943 0.17360346019268036 0.9774468715158673 0.17990168623919886 0.10606178641314182 0.031367086491887686
50.0 0.012491495348513126 0.10159649699926376 0.1738230139017105 0.9770505020969711 0.18061630327173195 0.10847032364080389 0.031372858233986695
51.0 0.01266864687204361 0.10196422785520554 0.17424055933952332 0.9766732737051148 0.18112670389078556 0.11095270902980325 0.03149491906230945
52.0 0.012830523774027824 0.10229804366827011 0.1746920645236969 0.9762571033699945 0.18160385395294518 0.11372389357263823 0.03176451447361422
53.0 0.012824734672904015 0.10245292633771896 0.17491762340068817 0.9758834411574222 0.18198303121183673 0.11624838559673582 0.03193741492125212
54.0 0.012952875345945358 0.10256222635507584 0.17506498098373413 0.9755308796960602 0.18233453799153052 0.11856406856723643 0.032189760167322216
55.0 0.013101072050631046 0.10289401561021805 0.17539197206497192 0.9752157454889381 0.18247233510295152 0.12083257343147927 0.03252054535915799
56.0 0.013223150745034218 0.10297750681638718 0.17546385526657104 0.9749139716913721 0.18279156925595377 0.12275956306114619 0.03255886495160455
57.0 0.013362149707973003 0.10318911820650101 0.17570708692073822 0.974665023807688 0.1826742500520067 0.12482554618527701 0.03281452046645027
58.0 0.013500268571078777 0.1031891331076622 0.17580272257328033 0.9744077911683423 0.18277856016819993 0.12666649923644274 0.03281847687593333
59.0 0.013495013117790222 0.10330845415592194 0.17592990398406982 0.9741777598206455 0.18274139507870446 0.12842549725017743 0.03301766877843596
60.0 0.013520010747015476 0.10331426560878754 0.1760275959968567 0.9739772885379984 0.1827756226014579 0.12991099275630993 0.032930945262598044
61.0 0.013496165163815022 0.10346202552318573 0.17618244886398315 0.9738157531226823 0.18261767936227888 0.13134163604365637 0.03290952439362392
62.0 0.01349498238414526 0.10343345999717712 0.17618168890476227 0.9736876866547874 0.18251134885686407 0.1324589796504698 0.032810289624641616
63.0 0.013575025834143162 0.10350172221660614 0.17632359266281128 0.9735672390576379 0.18239469533991187 0.13344826280514213 0.0330237384291784
64.0 0.013682709075510502 0.10361465811729431 0.17652393877506256 0.9734262197483313 0.1824325294618334 0.13435972719395645 0.03327507489091856
65.0 0.013700623996555805 0.10351719707250595 0.17657844722270966 0.9732945976911433 0.18268878209827386 0.13494851089884247 0.03333668260145051
66.0 0.013757208362221718 0.10360001027584076 0.17658209800720215 0.9732526381737144 0.182618490714726 0.13536673928647677 0.033251090687786235
67.0 0.013951723463833332 0.10356917232275009 0.17658932507038116 0.9730923564807487 0.18288833195944768 0.13610709916965794 0.0334362280685978
68.0 0.014019143767654896 0.10363536328077316 0.17665109038352966 0.973030006605677 0.1829972885488322 0.1364272366007182 0.03334977874324599
69.0 0.01424213033169508 0.10348782688379288 0.1763918399810791 0.9729469766822104 0.18319119532805936 0.13674126663401306 0.033421438008389925
