924.029419 0.000000 256.000000 0.000000 924.029419 144.000000 0.000000 0.000000 1.000000
924.029419 0.000000 256.000000 0.000000 924.029419 144.000000 0.000000 0.000000 1.000000
924.029419 0.000000 256.000000 0.000000 924.029419 144.000000 0.000000 0.000000 1.000000
924.029419 0.000000 256.000000 0.000000 924.029419 144.000000 0.000000 0.000000 1.000000
924.029419 0.000000 256.000000 0.000000 924.029419 144.000000 0.000000 0.000000 1.000000
924.029419 0.000000 256.000000 0.000000 924.029419 144.000000 0.000000 0.000000 1.000000
924.029419 0.000000 256.000000 0.000000 924.029419 144.000000 0.000000 0.000000 1.000000
924.029419 0.000000 256.000000 0.000000 924.029419 144.000000 0.000000 0.000000 1.000000
924.029419 0.000000 256.000000 0.000000 924.029419 144.000000 0.000000 0.000000 1.000000
924.029419 0.000000 256.000000 0.000000 924.029419 144.000000 0.000000 0.000000 1.000000
924.029419 0.000000 256.000000 0.000000 924.029419 144.000000 0.000000 0.000000 1.000000
924.029419 0.000000 256.000000 0.000000 924.029419 144.000000 0.000000 0.000000 1.000000
924.029419 0.000000 256.000000 0.000000 924.029419 144.000000 0.000000 0.000000 1.000000
924.029419 0.000000 256.000000 0.000000 924.029419 144.000000 0.000000 0.000000 1.000000
924.029419 0.000000 256.000000 0.000000 924.029419 144.000000 0.000000 0.000000 1.000000
924.029419 0.000000 256.000000 0.000000 924.029419 144.000000 0.000000 0.000000 1.000000
924.029419 0.000000 256.000000 0.000000 924.029419 144.000000 0.000000 0.000000 1.000000
924.029419 0.000000 256.000000 0.000000 924.029419 144.000000 0.000000 0.000000 1.000000
924.029419 0.000000 256.000000 0.000000 924.029419 144.000000 0.000000 0.000000 1.000000
924.029419 0.000000 256.000000 0.000000 924.029419 144.000000 0.000000 0.000000 1.000000
924.029419 0.000000 256.000000 0.000000 924.029419 144.000000 0.000000 0.000000 1.000000
924.029419 0.000000 256.000000 0.000000 924.029419 144.000000 0.000000 0.000000 1.000000
924.029419 0.000000 256.000000 0.000000 924.029419 144.000000 0.000000 0.000000 1.000000
924.029419 0.000000 256.000000 0.000000 924.029419 144.000000 0.000000 0.000000 1.000000
924.029419 0.000000 256.000000 0.000000 924.029419 144.000000 0.000000 0.000000 1.000000
924.029419 0.000000 256.000000 0.000000 924.029419 144.000000 0.000000 0.000000 1.000000
924.029419 0.000000 256.000000 0.000000 924.029419 144.000000 0.000000 0.000000 1.000000
924.029419 0.000000 256.000000 0.000000 924.029419 144.000000 0.000000 0.000000 1.000000
924.029419 0.000000 256.000000 0.000000 924.029419 144.000000 0.000000 0.000000 1.000000
924.029419 0.000000 256.000000 0.000000 924.029419 144.000000 0.000000 0.000000 1.000000
924.029419 0.000000 256.000000 0.000000 924.029419 144.000000 0.000000 0.000000 1.000000
924.029419 0.000000 256.000000 0.000000 924.029419 144.000000 0.000000 0.000000 1.000000
924.029419 0.000000 256.000000 0.000000 924.029419 144.000000 0.000000 0.000000 1.000000
924.029419 0.000000 256.000000 0.000000 924.029419 144.000000 0.000000 0.000000 1.000000
924.029419 0.000000 256.000000 0.000000 924.029419 144.000000 0.000000 0.000000 1.000000
924.029419 0.000000 256.000000 0.000000 924.029419 144.000000 0.000000 0.000000 1.000000
924.029419 0.000000 256.000000 0.000000 924.029419 144.000000 0.000000 0.000000 1.000000
924.029419 0.000000 256.000000 0.000000 924.029419 144.000000 0.000000 0.000000 1.000000
924.029419 0.000000 256.000000 0.000000 924.029419 144.000000 0.000000 0.000000 1.000000
924.029419 0.000000 256.000000 0.000000 924.029419 144.000000 0.000000 0.000000 1.000000
924.029419 0.000000 256.000000 0.000000 924.029419 144.000000 0.000000 0.000000 1.000000
924.029419 0.000000 256.000000 0.000000 924.029419 144.000000 0.000000 0.000000 1.000000
924.029419 0.000000 256.000000 0.000000 924.029419 144.000000 0.000000 0.000000 1.000000
924.029419 0.000000 256.000000 0.000000 924.029419 144.000000 0.000000 0.000000 1.000000
924.029419 0.000000 256.000000 0.000000 924.029419 144.000000 0.000000 0.000000 1.000000
924.029419 0.000000 256.000000 0.000000 924.029419 144.000000 0.000000 0.000000 1.000000
924.029419 0.000000 256.000000 0.000000 924.029419 144.000000 0.000000 0.000000 1.000000
924.029419 0.000000 256.000000 0.000000 924.029419 144.000000 0.000000 0.000000 1.000000
924.029419 0.000000 256.000000 0.000000 924.029419 144.000000 0.000000 0.000000 1.000000
924.029419 0.000000 256.000000 0.000000 924.029419 144.000000 0.000000 0.000000 1.000000
924.029419 0.000000 256.000000 0.000000 924.029419 144.000000 0.000000 0.000000 1.000000
924.029419 0.000000 256.000000 0.000000 924.029419 144.000000 0.000000 0.000000 1.000000
924.029419 0.000000 256.000000 0.000000 924.029419 144.000000 0.000000 0.000000 1.000000
924.029419 0.000000 256.000000 0.000000 924.029419 144.000000 0.000000 0.000000 1.000000
924.029419 0.000000 256.000000 0.000000 924.029419 144.000000 0.000000 0.000000 1.000000
924.029419 0.000000 256.000000 0.000000 924.029419 144.000000 0.000000 0.000000 1.000000
924.029419 0.000000 256.000000 0.000000 924.029419 144.000000 0.000000 0.000000 1.000000
924.029419 0.000000 256.000000 0.000000 924.029419 144.000000 0.000000 0.000000 1.000000
924.029419 0.000000 256.000000 0.000000 924.029419 144.000000 0.000000 0.000000 1.000000
924.029419 0.000000 256.000000 0.000000 924.029419 144.000000 0.000000 0.000000 1.000000
924.029419 0.000000 256.000000 0.000000 924.029419 144.000000 0.000000 0.000000 1.000000
924.029419 0.000000 256.000000 0.000000 924.029419 144.000000 0.000000 0.000000 1.000000
924.029419 0.000000 256.000000 0.000000 924.029419 144.000000 0.000000 0.000000 1.000000
924.029419 0.000000 256.000000 0.000000 924.029419 144.000000 0.000000 0.000000 1.000000
924.029419 0.000000 256.000000 0.000000 924.029419 144.000000 0.000000 0.000000 1.000000
924.029419 0.000000 256.000000 0.000000 924.029419 144.000000 0.000000 0.000000 1.000000
924.029419 0.000000 256.000000 0.000000 924.029419 144.000000 0.000000 0.000000 1.000000
924.029419 0.000000 256.000000 0.000000 924.029419 144.000000 0.000000 0.000000 1.000000
924.029419 0.000000 256.000000 0.000000 924.029419 144.000000 0.000000 0.000000 1.000000
924.029419 0.000000 256.000000 0.000000 924.029419 144.000000 0.000000 0.000000 1.000000
