546.734680 0.000000 256.000000 0.000000 546.734680 144.000000 0.000000 0.000000 1.000000
546.734680 0.000000 256.000000 0.000000 546.734680 144.000000 0.000000 0.000000 1.000000
546.734680 0.000000 256.000000 0.000000 546.734680 144.000000 0.000000 0.000000 1.000000
546.734680 0.000000 256.000000 0.000000 546.734680 144.000000 0.000000 0.000000 1.000000
546.734680 0.000000 256.000000 0.000000 546.734680 144.000000 0.000000 0.000000 1.000000
546.734680 0.000000 256.000000 0.000000 546.734680 144.000000 0.000000 0.000000 1.000000
546.734680 0.000000 256.000000 0.000000 546.734680 144.000000 0.000000 0.000000 1.000000
546.734680 0.000000 256.000000 0.000000 546.734680 144.000000 0.000000 0.000000 1.000000
546.734680 0.000000 256.000000 0.000000 546.734680 144.000000 0.000000 0.000000 1.000000
546.734680 0.000000 256.000000 0.000000 546.734680 144.000000 0.000000 0.000000 1.000000
546.734680 0.000000 256.000000 0.000000 546.734680 144.000000 0.000000 0.000000 1.000000
546.734680 0.000000 256.000000 0.000000 546.734680 144.000000 0.000000 0.000000 1.000000
546.734680 0.000000 256.000000 0.000000 546.734680 144.000000 0.000000 0.000000 1.000000
546.734680 0.000000 256.000000 0.000000 546.734680 144.000000 0.000000 0.000000 1.000000
546.734680 0.000000 256.000000 0.000000 546.734680 144.000000 0.000000 0.000000 1.000000
546.734680 0.000000 256.000000 0.000000 546.734680 144.000000 0.000000 0.000000 1.000000
546.734680 0.000000 256.000000 0.000000 546.734680 144.000000 0.000000 0.000000 1.000000
546.734680 0.000000 256.000000 0.000000 546.734680 144.000000 0.000000 0.000000 1.000000
546.734680 0.000000 256.000000 0.000000 546.734680 144.000000 0.000000 0.000000 1.000000
546.734680 0.000000 256.000000 0.000000 546.734680 144.000000 0.000000 0.000000 1.000000
546.734680 0.000000 256.000000 0.000000 546.734680 144.000000 0.000000 0.000000 1.000000
546.734680 0.000000 256.000000 0.000000 546.734680 144.000000 0.000000 0.000000 1.000000
546.734680 0.000000 256.000000 0.000000 546.734680 144.000000 0.000000 0.000000 1.000000
546.734680 0.000000 256.000000 0.000000 546.734680 144.000000 0.000000 0.000000 1.000000
546.734680 0.000000 256.000000 0.000000 546.734680 144.000000 0.000000 0.000000 1.000000
546.734680 0.000000 256.000000 0.000000 546.734680 144.000000 0.000000 0.000000 1.000000
546.734680 0.000000 256.000000 0.000000 546.734680 144.000000 0.000000 0.000000 1.000000
546.734680 0.000000 256.000000 0.000000 546.734680 144.000000 0.000000 0.000000 1.000000
546.734680 0.000000 256.000000 0.000000 546.734680 144.000000 0.000000 0.000000 1.000000
546.734680 0.000000 256.000000 0.000000 546.734680 144.000000 0.000000 0.000000 1.000000
546.734680 0.000000 256.000000 0.000000 546.734680 144.000000 0.000000 0.000000 1.000000
546.734680 0.000000 256.000000 0.000000 546.734680 144.000000 0.000000 0.000000 1.000000
546.734680 0.000000 256.000000 0.000000 546.734680 144.000000 0.000000 0.000000 1.000000
546.734680 0.000000 256.000000 0.000000 546.734680 144.000000 0.000000 0.000000 1.000000
546.734680 0.000000 256.000000 0.000000 546.734680 144.000000 0.000000 0.000000 1.000000
546.734680 0.000000 256.000000 0.000000 546.734680 144.000000 0.000000 0.000000 1.000000
546.734680 0.000000 256.000000 0.000000 546.734680 144.000000 0.000000 0.000000 1.000000
546.734680 0.000000 256.000000 0.000000 546.734680 144.000000 0.000000 0.000000 1.000000
546.734680 0.000000 256.000000 0.000000 546.734680 144.000000 0.000000 0.000000 1.000000
546.734680 0.000000 256.000000 0.000000 546.734680 144.000000 0.000000 0.000000 1.000000
546.734680 0.000000 256.000000 0.000000 546.734680 144.000000 0.000000 0.000000 1.000000
546.734680 0.000000 256.000000 0.000000 546.734680 144.000000 0.000000 0.000000 1.000000
546.734680 0.000000 256.000000 0.000000 546.734680 144.000000 0.000000 0.000000 1.000000
546.734680 0.000000 256.000000 0.000000 546.734680 144.000000 0.000000 0.000000 1.000000
546.734680 0.000000 256.000000 0.000000 546.734680 144.000000 0.000000 0.000000 1.000000
546.734680 0.000000 256.000000 0.000000 546.734680 144.000000 0.000000 0.000000 1.000000
546.734680 0.000000 256.000000 0.000000 546.734680 144.000000 0.000000 0.000000 1.000000
546.734680 0.000000 256.000000 0.000000 546.734680 144.000000 0.000000 0.000000 1.000000
546.734680 0.000000 256.000000 0.000000 546.734680 144.000000 0.000000 0.000000 1.000000
546.734680 0.000000 256.000000 0.000000 546.734680 144.000000 0.000000 0.000000 1.000000
