0.0 -0.032178133726119995 -0.0018909501377493143 0.23805350065231323 0.34453195237219125 0.04234471488204076 0.9304619773698345 0.11723978669880951
1.0 -0.03135338053107262 -0.001370773185044527 0.23643141984939575 0.35067434098419353 0.04115183569697997 0.9276058203844213 0.12198965113080416
2.0 -0.03061739355325699 -0.0008177310228347778 0.23362447321414948 0.3565655967345773 0.039458566016302446 0.9247307020462371 0.12718932929426616
3.0 -0.029889242723584175 -0.0002980660938192159 0.23056305944919586 0.36196633153859864 0.03735384407236388 0.9221203858238084 0.13144983535043903
4.0 -0.028116311877965927 0.0006331162876449525 0.22536534070968628 0.37055397855488714 0.03403181854780493 0.9179401552186851 0.1375407421114551
5.0 -0.027275588363409042 0.0012042524758726358 0.2226031869649887 0.37426856288912297 0.032831780713477705 0.9160667611141986 0.14023839057060833
6.0 -0.026539472863078117 0.0016792997485026717 0.22007407248020172 0.3783818668656496 0.03255374348506947 0.9140459923563702 0.1424336353170578
7.0 -0.025817766785621643 0.002349792281165719 0.21747487783432007 0.3825848506280318 0.03303003662400256 0.9119448615179433 0.1445490169512151
8.0 -0.02406989224255085 0.0032241917215287685 0.21259234845638275 0.3930027020575467 0.0361854170282346 0.9068417432920682 0.14791059594553227
9.0 -0.02334516867995262 0.0038673891685903072 0.2100377082824707 0.3984464712151011 0.03836424305750217 0.9041403111424128 0.14932813598970357
10.0 -0.022348696365952492 0.004229175392538309 0.20784632861614227 0.40409328064000344 0.04039007171926844 0.9012428129226583 0.15112463334402498
11.0 -0.02134932577610016 0.004723511636257172 0.20552660524845123 0.41122688626394716 0.04139312714959228 0.8977584894853682 0.15234418792781804
12.0 -0.019062064588069916 0.005451096687465906 0.20130014419555664 0.42989798451019656 0.04212874401385909 0.8882235570137392 0.15643466562033556
13.0 -0.017912352457642555 0.005823785904794931 0.19902053475379944 0.4408211189149391 0.04204427329498877 0.8825370266484681 0.15823216106771307
14.0 -0.016973532736301422 0.006101879756897688 0.19687896966934204 0.45208892126570877 0.04226631091627443 0.8765391137231546 0.15971333176589558
15.0 -0.015780169516801834 0.00671991566196084 0.19483685493469238 0.46367750799223284 0.04218849881080367 0.8701597729589899 0.16138546611812035
16.0 -0.013018930330872536 0.007210831623524427 0.1910122185945511 0.4902090934896321 0.04114334801579198 0.8553196557534319 0.16257477066247164
17.0 -0.01144649088382721 0.007385575212538242 0.18945422768592834 0.5067618982144707 0.03998197369367688 0.8459448319082283 0.1611557062762089
18.0 -0.009855356067419052 0.007858850993216038 0.18799139559268951 0.525744823595558 0.03869542940650743 0.834776574268582 0.15888082092541017
19.0 -0.007973271422088146 0.008294102735817432 0.18668119609355927 0.54728896470938 0.03811322230770426 0.8213601341439467 0.15617202512516884
20.0 -0.004203994758427143 0.009652926586568356 0.18406282365322113 0.5976937381210535 0.039488707675501354 0.7863852939479998 0.1510000226467475
21.0 -0.0023001518566161394 0.010241466574370861 0.1832554191350937 0.6231887100737727 0.039588744956130476 0.7667003741055677 0.14912779504763055
22.0 -0.0010659353574737906 0.010423033498227596 0.1820734739303589 0.6492800191270931 0.03816918037351187 0.7453250037340042 0.14652374975014323
23.0 -0.00010233253124170005 0.010512957349419594 0.18097186088562012 0.673234952710152 0.03570711932483997 0.7244919692784153 0.14349594604017443
24.0 0.0012483677128329873 0.010196570307016373 0.17937733232975006 0.7139660808605862 0.03284389641403513 0.6863264578739404 0.13464660066681658
25.0 0.0017219724832102656 0.010089152492582798 0.17871446907520294 0.7328782014810019 0.03272213119689445 0.6669946298928926 0.13014210547685384
26.0 0.0019669656176120043 0.009843086823821068 0.1778358519077301 0.7520427775636896 0.033578939444558954 0.646023042271058 0.1263263408593643
27.0 0.0020520989783108234 0.009828582406044006 0.17701461911201477 0.7715047392561494 0.03421553494248531 0.6233305232712589 0.12275501306374013
28.0 -0.0020652427338063717 0.01965726539492607 0.07598451524972916 0.8247742902624077 0.028768785073460187 0.5521181252293652 0.1186815188677236
29.0 -0.001356664695776999 0.018890278413891792 0.0743035078048706 0.840749737903921 0.028102658759119964 0.5276690020823853 0.11796415992383545
30.0 -0.0010315777035430074 0.018565403297543526 0.07279514521360397 0.8565727777313766 0.027411100743793947 0.5017758432176357 0.11727195388837781
31.0 1.3112688066030387e-05 0.018462980166077614 0.07146664708852768 0.8724349046787774 0.025338041418489655 0.4737730244213685 0.11727933358370089
32.0 0.001095659681595862 0.018236462026834488 0.07054199278354645 0.8972951468024102 0.021222443797755473 0.4247354306976858 0.1183673997101545
33.0 0.001954268664121628 0.018382441252470016 0.0698317289352417 0.9091077981859885 0.01987941182103211 0.3987639538160763 0.11880711005678019
34.0 0.0029086649883538485 0.018556397408246994 0.06891656666994095 0.9194838975427955 0.018156369788198103 0.37424879879220985 0.11898548230020331
35.0 0.003993153106421232 0.01865166798233986 0.06823579967021942 0.929270430268874 0.0156061085856078 0.3493413593746828 0.11905264143631886
36.0 0.006785435136407614 0.019554009661078453 0.06656961888074875 0.9464852803450164 0.012717767983716472 0.3000551154678508 0.11819813936480822
37.0 0.007851106114685535 0.019650066271424294 0.06589601933956146 0.9540866947535832 0.010651891625941821 0.27568455312085816 0.11663251377521053
38.0 0.008882228285074234 0.019320594146847725 0.06522688269615173 0.960721323399927 0.007474563415042037 0.2527835351674662 0.11427665559809583
39.0 0.0099081601947546 0.01901107467710972 0.06438623368740082 0.9667853782956076 0.004921718338754482 0.22991870213585636 0.11153115892241104
40.0 0.012267348356544971 0.018680652603507042 0.06284385919570923 0.9769624032997931 0.0021947555587626824 0.18667855628885383 0.1033961421361495
41.0 0.013433107174932957 0.01857590675354004 0.061900582164525986 0.980892847474182 0.0011098850917858336 0.16809855879775157 0.0979329590035601
42.0 0.0146733233705163 0.018265610560774803 0.06107320636510849 0.9840360667422927 0.0012559317376839027 0.15181839874658865 0.0928580410511133
43.0 0.015643667429685593 0.01814930886030197 0.06026732176542282 0.9866293546542931 0.0018118936633930351 0.1368458754990399 0.0885010730709355
44.0 0.017942972481250763 0.01742592826485634 0.05829691141843796 0.9912114753883755 0.0050290193922476415 0.10496383957628141 0.08035615971259955
45.0 0.019094038754701614 0.017327722162008286 0.0571458637714386 0.9930908259908711 0.008828169076095065 0.08886222642163745 0.0761326439769627
46.0 0.02022058330476284 0.017166245728731155 0.05610447749495506 0.9946846325918571 0.0126478680660785 0.07319157510263444 0.071312736961784
47.0 0.021343743428587914 0.01718836836516857 0.05473780632019043 0.9960450768698318 0.016520468908135112 0.05640044566486913 0.06663534106786405
48.0 0.0 0.0 0.0 0.9975143376512473 0.006652806118921505 0.03648610570229475 0.05991369160399386
49.0 0.024309400469064713 0.017215576022863388 0.051087114959955215 0.9980361099220445 0.024673315212358975 0.009417912676427576 0.056801881385421735
