0.0 0.00030813820194453 0.0004411356640048325 0.0010956346523016691 0.9991037905165492 -0.004626064873865719 -0.0021789526842911867 0.042017466183073233
1.0 0.0004630323965102434 0.0005519762635231018 0.0009712234605103731 0.9990994419594624 -0.006659530218887658 0.0020165302485578712 0.04185557715898046
2.0 0.000604793312959373 0.0004756526614073664 0.0009895558468997478 0.9990638313917869 -0.00879063819680066 0.00768349369319352 0.04165512464898849
3.0 0.0 0.0 0.0 0.9989846837943782 -0.011689380826388061 0.014066910814062417 0.04117137282494853
4.0 0.0004621596890501678 0.0006870715296827257 0.0017436281777918339 0.9988698925267987 -0.01356161961995356 0.019151048022186926 0.04133107349727378
5.0 0.0006377428653649986 0.00078088219743222 0.0024107934441417456 0.9987123041571416 -0.015565238852498064 0.025316318400195766 0.04111618765471185
6.0 0.0005731380078941584 0.0008935017976909876 0.00281230709515512 0.9984951116661601 -0.017365642692393414 0.0318488553876981 0.041129026771322484
7.0 0.0005976271932013333 0.0010613726917654276 0.003067124867811799 0.9982257853890283 -0.01937849635399315 0.03845489429646099 0.04112148304918035
8.0 0.0007634990033693612 0.0010064351372420788 0.0033555307891219854 0.9979103711257631 -0.02089131288680237 0.045442489113135094 0.040907510663814706
9.0 0.0008279579924419522 0.0012205889215692878 0.0040354435332119465 0.9975759154105798 -0.02141591249468276 0.05230524301035639 0.04059326592418098
10.0 0.0010519339703023434 0.0014024153351783752 0.004416697658598423 0.9971357720464146 -0.022212327117650525 0.059987423714499215 0.04035311172036431
11.0 0.001100787310861051 0.001527251792140305 0.004791585728526115 0.996702032399726 -0.02242190750884492 0.06707390939354471 0.039792051374449994
12.0 0.0010750323999673128 0.0016041534254327416 0.004827859811484814 0.9961964671335782 -0.022675032198149384 0.0742773909898401 0.03951342775732057
13.0 0.0009364185389131308 0.0015875708777457476 0.004817931912839413 0.9957345693383179 -0.023083102990494608 0.08016983634956801 0.03940349122410655
14.0 0.0007692600484006107 0.0016256290255114436 0.004941854160279036 0.99517867024921 -0.02369873569398048 0.08671237215604431 0.03922688775053083
15.0 0.001191996387206018 0.0017811161233112216 0.00541403703391552 0.9945131131988117 -0.024091217628532436 0.09406988437739829 0.03891192313424009
16.0 0.0012048634234815836 0.0019272251520305872 0.005628019571304321 0.9937640965435423 -0.024315186980634715 0.10177636694521408 0.03851315664194686
17.0 0.0013103097444400191 0.0019600403029471636 0.005910655949264765 0.9929816346879584 -0.024601763838242332 0.10925718562326034 0.03801438909362665
18.0 0.0014147653710097075 0.0023716420400887728 0.0070134722627699375 0.9920262910591311 -0.02492321506347425 0.11777173994469983 0.03731606180670698
19.0 0.0013684309087693691 0.002483103424310684 0.007272609043866396 0.9910772889868241 -0.02510380987632792 0.12567291636113143 0.03663228190419595
20.0 0.0016710448544472456 0.0026433696039021015 0.007304998114705086 0.9900166948690923 -0.02534369624539034 0.13385793416321196 0.03614822820910097
21.0 0.001812233473174274 0.002678222255781293 0.00740140350535512 0.9888326894638741 -0.02563584025521639 0.14243873872296212 0.03555167581228966
22.0 0.0021648143883794546 0.0028803832828998566 0.007632006425410509 0.9874157307213398 -0.025882664434168347 0.15206326672508025 0.03488588996611445
23.0 0.002142762765288353 0.002976669231429696 0.007701341062784195 0.9858419177052568 -0.026076588767510196 0.16217553701439996 0.03368708962737658
24.0 0.0026080659590661526 0.003264796920120716 0.007856742478907108 0.9841081069166258 -0.026428205747478294 0.17237302891551123 0.0334712226313356
25.0 0.003094581188634038 0.003529801033437252 0.00872375350445509 0.9823633277526704 -0.026362617022092832 0.18232948070016775 0.031988516346546494
26.0 0.003388388315215707 0.0039835283532738686 0.009124395437538624 0.9804521471218255 -0.02626653140450849 0.19253063496531803 0.030912960583380413
27.0 0.0038439647760242224 0.004297975450754166 0.008904216811060905 0.9784195646318448 -0.02663666298970124 0.20266234697093724 0.030226095524161938
28.0 0.0052176122553646564 0.005882571917027235 0.00877718161791563 0.9758564990532883 -0.02716684600595053 0.21486866331082413 0.028240277274988894
29.0 0.012029237113893032 0.008564374409615993 0.011433389969170094 0.9742520582946589 -0.027743676943307677 0.2223144917038297 0.02528798285261044
30.0 0.012849908322095871 0.008122269995510578 0.012635291554033756 0.9704843492851188 -0.03279632166477837 0.2376782322627352 0.02436364066310739
31.0 0.017514444887638092 -0.0019316895632073283 0.017558539286255836 0.9660423622402691 -0.04522572571348378 0.25345665448292976 0.021829163732267332
32.0 0.020040912553668022 -0.0009854178642854095 0.019497212022542953 0.9608598986884316 -0.05120392466358533 0.2713064380084947 0.022786616393084935
33.0 0.020404059439897537 -0.0008073278004303575 0.02131778560578823 0.9538419617293111 -0.05937748186563037 0.2927509265498329 0.030930918122334165
34.0 0.02221788465976715 -0.010045797564089298 0.05762555077672005 0.9367319684597502 -0.08239968115054727 0.33378567930877856 0.06580753832340841
35.0 0.02143375761806965 -0.013000988401472569 0.05773421749472618 0.9301862156493886 -0.09798090964899321 0.3454547153051019 0.07625211625716208
36.0 0.013540334068238735 -0.01636098138988018 0.05641227215528488 0.9303075140316398 -0.10507643428292449 0.3414259764495714 0.08315753062779883
37.0 0.015912804752588272 -0.01804628223180771 0.05565844103693962 0.9250401948769923 -0.11542438750189007 0.35000748704091905 0.09204676880287863
38.0 0.009110774844884872 -0.020608561113476753 0.06021927297115326 0.9227823236148958 -0.12458362763323112 0.35122426259616835 0.09794498615761828
39.0 0.012628365308046341 -0.019859395921230316 0.058304380625486374 0.9224361537314361 -0.12462242583920208 0.35188867912668376 0.09876816678254546
40.0 0.005524656269699335 -0.02576153352856636 0.04816510155797005 0.920706178759681 -0.12574898112301294 0.3554614851927488 0.10067004859855708
41.0 0.0010215078946202993 -0.028415432199835777 0.05429750308394432 0.9194416920457533 -0.12748635658885601 0.3579035866333955 0.10138652024156197
42.0 0.006581677123904228 -0.027304930612444878 0.05389269068837166 0.9176962678033452 -0.12734440499957628 0.3621392793468934 0.10233330312868555
43.0 0.0068450262770056725 -0.02864287793636322 0.05677228793501854 0.9175094444130285 -0.12760761691259848 0.3624064320053438 0.10273409151756427
44.0 0.004809715785086155 -0.032069817185401917 0.05778731033205986 0.9144826836146539 -0.12815098995909077 0.36733230520434773 0.11120127110202407
45.0 0.002452783053740859 -0.0345313735306263 0.058815497905015945 0.914486779799947 -0.12829115619330733 0.3671440429712367 0.11162688083272161
46.0 -0.016435721889138222 0.00940123200416565 0.04818017780780792 0.9133831427337511 -0.12978969941769197 0.3685986776591202 0.11410908518969631
47.0 0.0 0.0 0.0 0.8945899608994692 -0.14851997396663788 0.3959190831173418 0.1445638226333229
48.0 0.055447470396757126 -0.07040183991193771 0.0038285788614302874 0.7791417257238303 -0.2707522299961891 0.5106992289765613 0.2425236044407394
49.0 0.05551924183964729 -0.06942027807235718 0.00628473237156868 0.7760105191614637 -0.272125751806943 0.5132692970703889 0.24558069557506093
50.0 0.05549967661499977 -0.07030671834945679 0.006079646293073893 0.7749511041853614 -0.2727048867932563 0.5126748455648391 0.24949415537449904
51.0 0.056203316897153854 -0.06992658227682114 0.00673535605892539 0.7738062812343609 -0.2724223699361743 0.5135736474332694 0.2514995032653052
52.0 0.055521655827760696 -0.06972363591194153 0.006882675923407078 0.7737590110376773 -0.27250751378464066 0.5135427048205926 0.25161585421920335
53.0 0.05526046082377434 -0.06939849257469177 0.006859365850687027 0.77316777656179 -0.2735124691338141 0.5139782767598227 0.2514534738949243
54.0 0.05502072721719742 -0.06852525472640991 0.006596202030777931 0.772914632181382 -0.2737468714605743 0.5141661186370801 0.2515925757472724
55.0 0.05646877735853195 -0.069758839905262 0.008691538125276566 0.7702644587445773 -0.27425742403355624 0.5164968536624064 0.25437478081412934
56.0 0.05520334467291832 -0.07175285369157791 0.00776239950209856 0.7672560958623654 -0.2765862470219625 0.517914016599094 0.2580372119104921
57.0 0.0 0.0 0.0 0.7730685165114087 -0.23513638481434102 0.5381704874231081 0.2396841166662199
58.0 -0.0015524972695857286 -0.0014423239044845104 6.995062904024962e-06 0.7729684310658176 -0.23520008706372053 0.53835708157785 0.23952531460337717
59.0 -0.0007249827613122761 -0.0010617799125611782 -3.8674119423376396e-05 0.7730338566515187 -0.23519737447593042 0.5381675602741482 0.23974262987353545
