778.507935 0.000000 256.000000 0.000000 778.507935 144.000000 0.000000 0.000000 1.000000
778.507935 0.000000 256.000000 0.000000 778.507935 144.000000 0.000000 0.000000 1.000000
778.507935 0.000000 256.000000 0.000000 778.507935 144.000000 0.000000 0.000000 1.000000
778.507935 0.000000 256.000000 0.000000 778.507935 144.000000 0.000000 0.000000 1.000000
778.507935 0.000000 256.000000 0.000000 778.507935 144.000000 0.000000 0.000000 1.000000
778.507935 0.000000 256.000000 0.000000 778.507935 144.000000 0.000000 0.000000 1.000000
778.507935 0.000000 256.000000 0.000000 778.507935 144.000000 0.000000 0.000000 1.000000
778.507935 0.000000 256.000000 0.000000 778.507935 144.000000 0.000000 0.000000 1.000000
778.507935 0.000000 256.000000 0.000000 778.507935 144.000000 0.000000 0.000000 1.000000
778.507935 0.000000 256.000000 0.000000 778.507935 144.000000 0.000000 0.000000 1.000000
778.507935 0.000000 256.000000 0.000000 778.507935 144.000000 0.000000 0.000000 1.000000
778.507935 0.000000 256.000000 0.000000 778.507935 144.000000 0.000000 0.000000 1.000000
778.507935 0.000000 256.000000 0.000000 778.507935 144.000000 0.000000 0.000000 1.000000
778.507935 0.000000 256.000000 0.000000 778.507935 144.000000 0.000000 0.000000 1.000000
778.507935 0.000000 256.000000 0.000000 778.507935 144.000000 0.000000 0.000000 1.000000
778.507935 0.000000 256.000000 0.000000 778.507935 144.000000 0.000000 0.000000 1.000000
778.507935 0.000000 256.000000 0.000000 778.507935 144.000000 0.000000 0.000000 1.000000
778.507935 0.000000 256.000000 0.000000 778.507935 144.000000 0.000000 0.000000 1.000000
778.507935 0.000000 256.000000 0.000000 778.507935 144.000000 0.000000 0.000000 1.000000
778.507935 0.000000 256.000000 0.000000 778.507935 144.000000 0.000000 0.000000 1.000000
778.507935 0.000000 256.000000 0.000000 778.507935 144.000000 0.000000 0.000000 1.000000
778.507935 0.000000 256.000000 0.000000 778.507935 144.000000 0.000000 0.000000 1.000000
778.507935 0.000000 256.000000 0.000000 778.507935 144.000000 0.000000 0.000000 1.000000
778.507935 0.000000 256.000000 0.000000 778.507935 144.000000 0.000000 0.000000 1.000000
778.507935 0.000000 256.000000 0.000000 778.507935 144.000000 0.000000 0.000000 1.000000
778.507935 0.000000 256.000000 0.000000 778.507935 144.000000 0.000000 0.000000 1.000000
778.507935 0.000000 256.000000 0.000000 778.507935 144.000000 0.000000 0.000000 1.000000
778.507935 0.000000 256.000000 0.000000 778.507935 144.000000 0.000000 0.000000 1.000000
778.507935 0.000000 256.000000 0.000000 778.507935 144.000000 0.000000 0.000000 1.000000
778.507935 0.000000 256.000000 0.000000 778.507935 144.000000 0.000000 0.000000 1.000000
778.507935 0.000000 256.000000 0.000000 778.507935 144.000000 0.000000 0.000000 1.000000
778.507935 0.000000 256.000000 0.000000 778.507935 144.000000 0.000000 0.000000 1.000000
778.507935 0.000000 256.000000 0.000000 778.507935 144.000000 0.000000 0.000000 1.000000
778.507935 0.000000 256.000000 0.000000 778.507935 144.000000 0.000000 0.000000 1.000000
778.507935 0.000000 256.000000 0.000000 778.507935 144.000000 0.000000 0.000000 1.000000
778.507935 0.000000 256.000000 0.000000 778.507935 144.000000 0.000000 0.000000 1.000000
778.507935 0.000000 256.000000 0.000000 778.507935 144.000000 0.000000 0.000000 1.000000
778.507935 0.000000 256.000000 0.000000 778.507935 144.000000 0.000000 0.000000 1.000000
778.507935 0.000000 256.000000 0.000000 778.507935 144.000000 0.000000 0.000000 1.000000
778.507935 0.000000 256.000000 0.000000 778.507935 144.000000 0.000000 0.000000 1.000000
778.507935 0.000000 256.000000 0.000000 778.507935 144.000000 0.000000 0.000000 1.000000
778.507935 0.000000 256.000000 0.000000 778.507935 144.000000 0.000000 0.000000 1.000000
778.507935 0.000000 256.000000 0.000000 778.507935 144.000000 0.000000 0.000000 1.000000
778.507935 0.000000 256.000000 0.000000 778.507935 144.000000 0.000000 0.000000 1.000000
778.507935 0.000000 256.000000 0.000000 778.507935 144.000000 0.000000 0.000000 1.000000
778.507935 0.000000 256.000000 0.000000 778.507935 144.000000 0.000000 0.000000 1.000000
778.507935 0.000000 256.000000 0.000000 778.507935 144.000000 0.000000 0.000000 1.000000
778.507935 0.000000 256.000000 0.000000 778.507935 144.000000 0.000000 0.000000 1.000000
778.507935 0.000000 256.000000 0.000000 778.507935 144.000000 0.000000 0.000000 1.000000
778.507935 0.000000 256.000000 0.000000 778.507935 144.000000 0.000000 0.000000 1.000000
778.507935 0.000000 256.000000 0.000000 778.507935 144.000000 0.000000 0.000000 1.000000
778.507935 0.000000 256.000000 0.000000 778.507935 144.000000 0.000000 0.000000 1.000000
778.507935 0.000000 256.000000 0.000000 778.507935 144.000000 0.000000 0.000000 1.000000
778.507935 0.000000 256.000000 0.000000 778.507935 144.000000 0.000000 0.000000 1.000000
778.507935 0.000000 256.000000 0.000000 778.507935 144.000000 0.000000 0.000000 1.000000
778.507935 0.000000 256.000000 0.000000 778.507935 144.000000 0.000000 0.000000 1.000000
778.507935 0.000000 256.000000 0.000000 778.507935 144.000000 0.000000 0.000000 1.000000
778.507935 0.000000 256.000000 0.000000 778.507935 144.000000 0.000000 0.000000 1.000000
778.507935 0.000000 256.000000 0.000000 778.507935 144.000000 0.000000 0.000000 1.000000
778.507935 0.000000 256.000000 0.000000 778.507935 144.000000 0.000000 0.000000 1.000000
