0.0 0.028951304033398628 0.02133696898818016 0.05062463879585266 0.9985768648700363 0.04767930234972178 -0.01809950279330634 0.015599265123973813
1.0 0.02912038005888462 0.020797768607735634 0.05051219463348389 0.9985443273937905 0.048803428352183605 -0.01572557652376007 0.016737916649065522
2.0 0.02934020198881626 0.021114910021424294 0.050507061183452606 0.9984404031880643 0.051912472526104134 -0.010082302157681813 0.01789423541488841
3.0 0.02934020198881626 0.021114910021424294 0.050507061183452606 0.9984404031880643 0.051912472526104134 -0.010082302157681813 0.01789423541488841
4.0 0.030046213418245316 0.021460065618157387 0.05063221976161003 0.9984608926471406 0.05197371207659142 -0.007342867954607931 0.017907020898409086
5.0 0.030336817726492882 0.021592475473880768 0.050734031945466995 0.998513652488325 0.051274212268052344 -0.0036352741229315603 0.018117001207878135
6.0 0.03050263039767742 0.0217191893607378 0.050688352435827255 0.9985989496067419 0.0497491316918267 -5.8291884024359895e-05 0.018032147467155864
7.0 0.031037641689181328 0.02153134159743786 0.050814807415008545 0.9986468691446772 0.04854473816834228 0.004367284206551162 0.018131904818864408
8.0 0.03174780681729317 0.02122323401272297 0.050956062972545624 0.9985972541728684 0.04890492319523013 0.009996074962639599 0.01766100028360801
9.0 0.032109335064888 0.02108677849173546 0.051098257303237915 0.9984117517428852 0.05078885601188073 0.016721989008542534 0.01774376426540184
10.0 0.03251897916197777 0.02094241790473461 0.05118362233042717 0.9981494601848924 0.052788325247835825 0.02414166214445796 0.018117063753256186
11.0 0.032876867800951004 0.0207506250590086 0.05111286789178848 0.9977661773308899 0.05543655920226103 0.03256053115215388 0.01814538755185593
12.0 0.03342331573367119 0.020810464397072792 0.05140819773077965 0.9973002785509946 0.05828924900371322 0.04120434099500454 0.01722556634364162
13.0 0.03360588103532791 0.020828180015087128 0.05140490084886551 0.9967489458865396 0.06112557062865063 0.04990672909082973 0.01626412865322358
14.0 0.033700257539749146 0.0208788700401783 0.051528625190258026 0.9961947589260302 0.06328407239902337 0.057680902434812435 0.016249368086472173
15.0 0.03381969407200813 0.020941268652677536 0.05130395665764809 0.9956921492663758 0.06507563125881621 0.06382863437616165 0.01697679413923159
16.0 0.034319501370191574 0.02115502953529358 0.05129580199718475 0.9951733993186074 0.06657845987991233 0.06986954503537916 0.01776121181720226
17.0 0.03450616076588631 0.02129657007753849 0.051481567323207855 0.9946875513617355 0.0676436187049219 0.07539086568609477 0.01836391531234955
18.0 0.03463388979434967 0.021506335586309433 0.05158618837594986 0.9942769168349478 0.06767242417974444 0.0802582033346949 0.01981101845725743
19.0 0.03492950648069382 0.021556394174695015 0.05158808082342148 0.9940072949514496 0.06686328186609028 0.08386608432659884 0.021101635508212382
20.0 0.0352957509458065 0.021676452830433846 0.05121873691678047 0.9936649554473977 0.06612537442202682 0.08817528189240319 0.021966129300884145
21.0 0.03556786850094795 0.02188374102115631 0.051415059715509415 0.9933007056199751 0.06519440348608117 0.0925160279227366 0.023327720556301886
22.0 0.03623195365071297 0.021957334131002426 0.05140925943851471 0.9929370466663527 0.06395631688123157 0.09712127898891336 0.02351739900682787
23.0 0.036940526217222214 0.022311272099614143 0.05096921697258949 0.9924964568608261 0.062223368206613214 0.1024926730897481 0.02396429699884008
24.0 0.03728488087654114 0.022543160244822502 0.05089179798960686 0.9919769947835195 0.05946343734467833 0.10876936896138112 0.024798504292715188
25.0 0.03774270415306091 0.022606145590543747 0.05086694285273552 0.9913304791445159 0.05727412236767097 0.11556493448818708 0.025065951864209644
26.0 0.03818817436695099 0.022567901760339737 0.05072521045804024 0.9905827668407732 0.05564262665689242 0.12260335353172074 0.02486157355390028
27.0 0.03896539658308029 0.0225338414311409 0.050707969814538956 0.9897267582385852 0.05448715019877006 0.12957761584469857 0.026110073951664894
28.0 0.03932391107082367 0.02235504798591137 0.05116378888487816 0.9885989000102345 0.0548971972186907 0.1376790614294335 0.02651393369526362
29.0 0.039710141718387604 0.0225490964949131 0.05091576278209686 0.9874418178267319 0.05628449390898426 0.14530113954551524 0.026044020412052903
30.0 0.039987534284591675 0.02259596809744835 0.050845902413129807 0.9864616390692688 0.05635575152849846 0.15169810338479245 0.026554648253872788
31.0 0.040361661463975906 0.022458955645561218 0.05068429931998253 0.9855500014766911 0.056544276992560205 0.1573380934767594 0.027178367680588872
32.0 0.04095391929149628 0.02256319299340248 0.05034476891160011 0.9846691160720762 0.0570295979070526 0.16252765544029496 0.027552096716529455
33.0 0.04118819162249565 0.022573988884687424 0.05033792182803154 0.983717360422884 0.056610190659527965 0.16831131775633393 0.027690096266568768
34.0 0.041307028383016586 0.022593120113015175 0.0504424162209034 0.9828791785659786 0.056014469137217 0.17336688654183596 0.027474028454761743
35.0 0.04148180037736893 0.022479549050331116 0.05050644278526306 0.9822258949375038 0.05650052899475557 0.17690239734905033 0.027304273469389503
36.0 0.041823145002126694 0.022530386224389076 0.05024806037545204 0.9815220931126205 0.0571687207925862 0.180521198725378 0.027535702379134334
37.0 0.04215848818421364 0.022583024576306343 0.050076715648174286 0.9807875841068195 0.05738083526917444 0.18436782410940342 0.02777876957110377
38.0 0.04222195968031883 0.022607874125242233 0.050221946090459824 0.9801133653489864 0.05708445080185695 0.18794725680321775 0.02819548192672288
39.0 0.04226085543632507 0.022583603858947754 0.050446078181266785 0.9796809632792999 0.057475548736919596 0.19004513767394368 0.028365773954270715
40.0 0.04261752590537071 0.022578109055757523 0.050308968871831894 0.9792954730391161 0.05776842427773727 0.19188112516957712 0.028719670005384775
41.0 0.042749956250190735 0.022571340203285217 0.050396330654621124 0.978840160001483 0.05786798682997681 0.1940612630442135 0.029384748666638906
42.0 0.0430312342941761 0.02242138609290123 0.05046708509325981 0.9781213555356371 0.058626808868698636 0.1973395842041835 0.029976651466115917
43.0 0.04314890131354332 0.02239743247628212 0.050472959876060486 0.9773191582843965 0.05981929162961373 0.20082387088432 0.0306380169437906
44.0 0.043344348669052124 0.0223334152251482 0.05050194263458252 0.9766061226494952 0.06094611948284217 0.20387697190068826 0.030987611268186856
45.0 0.0434718020260334 0.022325310856103897 0.050380952656269073 0.9758207644331521 0.06129665407944501 0.2074331153886766 0.0314333984785502
46.0 0.04365745186805725 0.02232794463634491 0.05023689195513725 0.974963306818617 0.06188828857294296 0.21124965919138533 0.03146381391921554
47.0 0.043696142733097076 0.022336861118674278 0.050103217363357544 0.9741340037529315 0.062290775671763145 0.21489574453108026 0.031664190830122584
48.0 0.04398227110505104 0.022299930453300476 0.049986932426691055 0.9735684923003306 0.06251667652114652 0.21734517930399058 0.03189245976916019
49.0 0.04422502592206001 0.022050846368074417 0.04969055950641632 0.9731035613770993 0.06301308981706158 0.21933219776209156 0.0314991487466512
