856.940430 0.000000 256.000000 0.000000 856.940430 144.000000 0.000000 0.000000 1.000000
856.940430 0.000000 256.000000 0.000000 856.940430 144.000000 0.000000 0.000000 1.000000
856.940430 0.000000 256.000000 0.000000 856.940430 144.000000 0.000000 0.000000 1.000000
856.940430 0.000000 256.000000 0.000000 856.940430 144.000000 0.000000 0.000000 1.000000
856.940430 0.000000 256.000000 0.000000 856.940430 144.000000 0.000000 0.000000 1.000000
856.940430 0.000000 256.000000 0.000000 856.940430 144.000000 0.000000 0.000000 1.000000
856.940430 0.000000 256.000000 0.000000 856.940430 144.000000 0.000000 0.000000 1.000000
856.940430 0.000000 256.000000 0.000000 856.940430 144.000000 0.000000 0.000000 1.000000
856.940430 0.000000 256.000000 0.000000 856.940430 144.000000 0.000000 0.000000 1.000000
856.940430 0.000000 256.000000 0.000000 856.940430 144.000000 0.000000 0.000000 1.000000
856.940430 0.000000 256.000000 0.000000 856.940430 144.000000 0.000000 0.000000 1.000000
856.940430 0.000000 256.000000 0.000000 856.940430 144.000000 0.000000 0.000000 1.000000
856.940430 0.000000 256.000000 0.000000 856.940430 144.000000 0.000000 0.000000 1.000000
856.940430 0.000000 256.000000 0.000000 856.940430 144.000000 0.000000 0.000000 1.000000
856.940430 0.000000 256.000000 0.000000 856.940430 144.000000 0.000000 0.000000 1.000000
856.940430 0.000000 256.000000 0.000000 856.940430 144.000000 0.000000 0.000000 1.000000
856.940430 0.000000 256.000000 0.000000 856.940430 144.000000 0.000000 0.000000 1.000000
856.940430 0.000000 256.000000 0.000000 856.940430 144.000000 0.000000 0.000000 1.000000
856.940430 0.000000 256.000000 0.000000 856.940430 144.000000 0.000000 0.000000 1.000000
856.940430 0.000000 256.000000 0.000000 856.940430 144.000000 0.000000 0.000000 1.000000
856.940430 0.000000 256.000000 0.000000 856.940430 144.000000 0.000000 0.000000 1.000000
856.940430 0.000000 256.000000 0.000000 856.940430 144.000000 0.000000 0.000000 1.000000
856.940430 0.000000 256.000000 0.000000 856.940430 144.000000 0.000000 0.000000 1.000000
856.940430 0.000000 256.000000 0.000000 856.940430 144.000000 0.000000 0.000000 1.000000
856.940430 0.000000 256.000000 0.000000 856.940430 144.000000 0.000000 0.000000 1.000000
856.940430 0.000000 256.000000 0.000000 856.940430 144.000000 0.000000 0.000000 1.000000
856.940430 0.000000 256.000000 0.000000 856.940430 144.000000 0.000000 0.000000 1.000000
856.940430 0.000000 256.000000 0.000000 856.940430 144.000000 0.000000 0.000000 1.000000
856.940430 0.000000 256.000000 0.000000 856.940430 144.000000 0.000000 0.000000 1.000000
856.940430 0.000000 256.000000 0.000000 856.940430 144.000000 0.000000 0.000000 1.000000
856.940430 0.000000 256.000000 0.000000 856.940430 144.000000 0.000000 0.000000 1.000000
856.940430 0.000000 256.000000 0.000000 856.940430 144.000000 0.000000 0.000000 1.000000
856.940430 0.000000 256.000000 0.000000 856.940430 144.000000 0.000000 0.000000 1.000000
856.940430 0.000000 256.000000 0.000000 856.940430 144.000000 0.000000 0.000000 1.000000
856.940430 0.000000 256.000000 0.000000 856.940430 144.000000 0.000000 0.000000 1.000000
856.940430 0.000000 256.000000 0.000000 856.940430 144.000000 0.000000 0.000000 1.000000
856.940430 0.000000 256.000000 0.000000 856.940430 144.000000 0.000000 0.000000 1.000000
856.940430 0.000000 256.000000 0.000000 856.940430 144.000000 0.000000 0.000000 1.000000
856.940430 0.000000 256.000000 0.000000 856.940430 144.000000 0.000000 0.000000 1.000000
856.940430 0.000000 256.000000 0.000000 856.940430 144.000000 0.000000 0.000000 1.000000
856.940430 0.000000 256.000000 0.000000 856.940430 144.000000 0.000000 0.000000 1.000000
856.940430 0.000000 256.000000 0.000000 856.940430 144.000000 0.000000 0.000000 1.000000
856.940430 0.000000 256.000000 0.000000 856.940430 144.000000 0.000000 0.000000 1.000000
856.940430 0.000000 256.000000 0.000000 856.940430 144.000000 0.000000 0.000000 1.000000
856.940430 0.000000 256.000000 0.000000 856.940430 144.000000 0.000000 0.000000 1.000000
856.940430 0.000000 256.000000 0.000000 856.940430 144.000000 0.000000 0.000000 1.000000
856.940430 0.000000 256.000000 0.000000 856.940430 144.000000 0.000000 0.000000 1.000000
856.940430 0.000000 256.000000 0.000000 856.940430 144.000000 0.000000 0.000000 1.000000
856.940430 0.000000 256.000000 0.000000 856.940430 144.000000 0.000000 0.000000 1.000000
856.940430 0.000000 256.000000 0.000000 856.940430 144.000000 0.000000 0.000000 1.000000
856.940430 0.000000 256.000000 0.000000 856.940430 144.000000 0.000000 0.000000 1.000000
856.940430 0.000000 256.000000 0.000000 856.940430 144.000000 0.000000 0.000000 1.000000
856.940430 0.000000 256.000000 0.000000 856.940430 144.000000 0.000000 0.000000 1.000000
856.940430 0.000000 256.000000 0.000000 856.940430 144.000000 0.000000 0.000000 1.000000
856.940430 0.000000 256.000000 0.000000 856.940430 144.000000 0.000000 0.000000 1.000000
856.940430 0.000000 256.000000 0.000000 856.940430 144.000000 0.000000 0.000000 1.000000
856.940430 0.000000 256.000000 0.000000 856.940430 144.000000 0.000000 0.000000 1.000000
856.940430 0.000000 256.000000 0.000000 856.940430 144.000000 0.000000 0.000000 1.000000
856.940430 0.000000 256.000000 0.000000 856.940430 144.000000 0.000000 0.000000 1.000000
856.940430 0.000000 256.000000 0.000000 856.940430 144.000000 0.000000 0.000000 1.000000
856.940430 0.000000 256.000000 0.000000 856.940430 144.000000 0.000000 0.000000 1.000000
856.940430 0.000000 256.000000 0.000000 856.940430 144.000000 0.000000 0.000000 1.000000
856.940430 0.000000 256.000000 0.000000 856.940430 144.000000 0.000000 0.000000 1.000000
856.940430 0.000000 256.000000 0.000000 856.940430 144.000000 0.000000 0.000000 1.000000
856.940430 0.000000 256.000000 0.000000 856.940430 144.000000 0.000000 0.000000 1.000000
856.940430 0.000000 256.000000 0.000000 856.940430 144.000000 0.000000 0.000000 1.000000
856.940430 0.000000 256.000000 0.000000 856.940430 144.000000 0.000000 0.000000 1.000000
856.940430 0.000000 256.000000 0.000000 856.940430 144.000000 0.000000 0.000000 1.000000
856.940430 0.000000 256.000000 0.000000 856.940430 144.000000 0.000000 0.000000 1.000000
856.940430 0.000000 256.000000 0.000000 856.940430 144.000000 0.000000 0.000000 1.000000
856.940430 0.000000 256.000000 0.000000 856.940430 144.000000 0.000000 0.000000 1.000000
856.940430 0.000000 256.000000 0.000000 856.940430 144.000000 0.000000 0.000000 1.000000
856.940430 0.000000 256.000000 0.000000 856.940430 144.000000 0.000000 0.000000 1.000000
856.940430 0.000000 256.000000 0.000000 856.940430 144.000000 0.000000 0.000000 1.000000
856.940430 0.000000 256.000000 0.000000 856.940430 144.000000 0.000000 0.000000 1.000000
856.940430 0.000000 256.000000 0.000000 856.940430 144.000000 0.000000 0.000000 1.000000
856.940430 0.000000 256.000000 0.000000 856.940430 144.000000 0.000000 0.000000 1.000000
856.940430 0.000000 256.000000 0.000000 856.940430 144.000000 0.000000 0.000000 1.000000
856.940430 0.000000 256.000000 0.000000 856.940430 144.000000 0.000000 0.000000 1.000000
856.940430 0.000000 256.000000 0.000000 856.940430 144.000000 0.000000 0.000000 1.000000
856.940430 0.000000 256.000000 0.000000 856.940430 144.000000 0.000000 0.000000 1.000000
856.940430 0.000000 256.000000 0.000000 856.940430 144.000000 0.000000 0.000000 1.000000
