0.0 -0.011530877090990543 0.004988905042409897 0.010132324881851673 0.9981187465495711 0.012606136891259065 0.044012170871389845 -0.040779675258384336
1.0 -0.01171313039958477 0.005041033960878849 0.010332601144909859 0.9981411343597864 0.012564063805160298 0.04343407782218941 -0.040864423199095626
2.0 -0.01165670808404684 0.00492978235706687 0.010254548862576485 0.9981692471254765 0.012591021972877326 0.04260287358862291 -0.04104406681397339
3.0 -0.011612242087721825 0.005032174754887819 0.010226735845208168 0.9981931917111103 0.012633404397012993 0.04176389941103423 -0.04131011765794282
4.0 -0.011518275365233421 0.004994387738406658 0.010400035418570042 0.9982285318339218 0.0126495648725942 0.040820967114766876 -0.04139366358565229
5.0 -0.01168447732925415 0.00510536041110754 0.010352755896747112 0.9982597111444302 0.01267596726734097 0.03997387596420463 -0.041460320790782025
6.0 -0.011649088002741337 0.00507033197209239 0.010474195703864098 0.9983028413910813 0.01277692102874588 0.038899919886900544 -0.04141235796608992
7.0 -0.011680129915475845 0.005145307630300522 0.010686652734875679 0.9983508523097042 0.01280950208420346 0.03789261006668677 -0.041178179308659746
8.0 -0.01162650901824236 0.005179684609174728 0.010625442489981651 0.9983932770263317 0.012806882686021252 0.03679779474261484 -0.04114329163507839
9.0 -0.011623956263065338 0.005214837845414877 0.0106463972479105 0.9984425892602613 0.01283040752939617 0.035531432418529046 -0.041052331288031894
10.0 -0.011459504254162312 0.005080238450318575 0.0106831518933177 0.998487805704351 0.012678728039537112 0.03417398706227126 -0.04115203911445251
11.0 0.0 0.0 0.0 0.9991194868382474 0.006269010841403799 0.017301718054817002 -0.03770412544403264
12.0 -0.010885731317102909 0.005207357928156853 0.010376207530498505 0.9986174961460064 0.012793529330370718 0.03135281114207299 -0.040204766282661786
13.0 -0.011487157084047794 0.005331550724804401 0.010915939696133137 0.9986250128687235 0.012948392404783078 0.03108880178385635 -0.04017348890397337
14.0 -0.011729692108929157 0.005403963848948479 0.010984609834849834 0.9986454594584271 0.01307337840472418 0.030290923313631965 -0.04023422728177765
15.0 -0.011723998002707958 0.005465468391776085 0.011072210967540741 0.9986871119227135 0.013180735547993365 0.02887617612742686 -0.0402055610847697
16.0 -0.011689405888319016 0.005498955491930246 0.01110899355262518 0.9987047541403523 0.013235755970609919 0.027474921978338944 -0.040727846538077817
17.0 -0.011695490218698978 0.005564397666603327 0.011156286112964153 0.998724085012287 0.013367899779674373 0.0260656716311122 -0.04113492475099104
18.0 -0.011658305302262306 0.005612323060631752 0.011316473595798016 0.9987451366604523 0.013510047213561246 0.024745274957897453 -0.0413920522400127
19.0 -0.011582504957914352 0.005642165429890156 0.011309153400361538 0.9987546688362932 0.013571365796052736 0.02330505003499667 -0.04197385080025845
20.0 -0.011607513763010502 0.005614232271909714 0.011498051695525646 0.9987627424815249 0.013661329194271031 0.022139598229518023 -0.042381487770775134
21.0 -0.011595980264246464 0.005699280649423599 0.011484023183584213 0.9987866545975331 0.013660028643398008 0.020776148774196028 -0.04250851511688143
22.0 -0.01155491080135107 0.005783846601843834 0.011513462290167809 0.9988063559416965 0.013605640834113966 0.019719615309778428 -0.04256626175736267
23.0 -0.011641144752502441 0.005743158515542746 0.011667496524751186 0.9988348152586942 0.013667752761520841 0.018482105826711316 -0.042433667362016814
24.0 -0.011568546295166016 0.005819086916744709 0.0115226861089468 0.9988588599319458 0.013717382596550929 0.017490756888906563 -0.04227155986720189
25.0 -0.011594663374125957 0.005851447116583586 0.011679244227707386 0.9988822539109868 0.013744998727215598 0.016514171272816427 -0.04210225622063168
26.0 -0.011583874933421612 0.005860676057636738 0.011778355576097965 0.9988993631749108 0.013824801017168455 0.015838875966683125 -0.0419293111522891
27.0 -0.011642951518297195 0.005912068299949169 0.011706768535077572 0.9989219435706718 0.013811585083697295 0.014982439453206925 -0.04170991822694342
28.0 -0.01168856117874384 0.005923309829086065 0.01176425814628601 0.9989498230015974 0.013829688779339143 0.014036243880037436 -0.04136392983124322
29.0 -0.011677238158881664 0.005965473596006632 0.011817936785519123 0.9989670010162568 0.013813026795390225 0.013233440632525371 -0.04121901527646387
30.0 -0.011642670258879662 0.00591033510863781 0.011818530037999153 0.9989868548255362 0.013827278472359306 0.012046993234623408 -0.04109671775015443
31.0 -0.01159318070858717 0.005998341832309961 0.011749930679798126 0.9989830329393125 0.013795160694711081 0.01110667862801988 -0.04146366036222285
32.0 -0.011677662841975689 0.005953244399279356 0.012080332264304161 0.9989863477724167 0.013818750031231827 0.00993361373759176 -0.04167304200577055
33.0 -0.011482994072139263 0.006001712754368782 0.01191545370966196 0.9989841818606898 0.013698081320793441 0.009038100729915921 -0.04196760292717707
34.0 -0.011599947698414326 0.006040213629603386 0.012023097835481167 0.9989851311787165 0.013766039292095704 0.007993473679822425 -0.0421344066598923
35.0 -0.011437058448791504 0.006073400843888521 0.011849665082991123 0.9989815950702106 0.013683643698156313 0.0070626850158202435 -0.04241048321449624
36.0 -0.011502204462885857 0.005976093001663685 0.01208127848803997 0.9989835872055335 0.013770213169689504 0.006020041905658992 -0.04249626829122298
37.0 -0.011331198737025261 0.006074500270187855 0.011998851783573627 0.9989823880877227 0.013750668231753355 0.005154928932596954 -0.04264427419280106
38.0 -0.011401241645216942 0.006028390489518642 0.01216863002628088 0.9989814303354212 0.013785247396728616 0.0041448856654585755 -0.04276550855569729
39.0 -0.011335620656609535 0.006119261495769024 0.012070629745721817 0.9989821062024514 0.013715310812031003 0.0033402295972200743 -0.04284255597978761
40.0 -0.011336583644151688 0.006053349934518337 0.01214002724736929 0.9989703578446218 0.013795379278597591 0.0023356196198297567 -0.043156187729447945
41.0 -0.011254055425524712 0.006218596361577511 0.012085014022886753 0.9989670691822643 0.013671437443506261 0.001478874159258949 -0.04330934562939692
42.0 -0.011285597458481789 0.006122934632003307 0.0121954046189785 0.9989448229318999 0.013767407421502257 0.0004021412354241676 -0.04381252689439524
43.0 -0.011146275326609612 0.006186794955283403 0.012059877626597881 0.9988872590795399 0.013939700448887428 -0.0005609033969375798 -0.045051235136661344
44.0 -0.011043704114854336 0.006193827372044325 0.012240266427397728 0.9988317818784582 0.013930840715347954 -0.0017180170850719211 -0.04623907010054678
45.0 -0.010947344824671745 0.006255392916500568 0.012145050801336765 0.9987773689990564 0.013895433101103777 -0.002686444413817756 -0.04736525235514884
46.0 -0.010831348598003387 0.006169753149151802 0.012067747302353382 0.9986995633734564 0.01403315840535963 -0.0039165565960454125 -0.0488560453502684
47.0 -0.010848697274923325 0.006228257901966572 0.012163077481091022 0.9986686429621092 0.013968277415243115 -0.004669184330649987 -0.04943710658965134
48.0 -0.010883932933211327 0.00620846264064312 0.012125147506594658 0.9986264350763678 0.013808067400087632 -0.005501994756630436 -0.05024249690289606
49.0 -0.010741985403001308 0.00628327950835228 0.012064442969858646 0.9985392279577463 0.013602262620361405 -0.00652238201315241 -0.05188301469680912
50.0 -0.010704593732953072 0.006306138355284929 0.012408101931214333 0.9984391253707022 0.013066525818001986 -0.00714106658602941 -0.05382921140095204
51.0 -0.010664429515600204 0.006425334606319666 0.012532857246696949 0.9983252707094109 0.012257408408891366 -0.0076432530653575 -0.05601776936524559
52.0 -0.010645488277077675 0.00656038848683238 0.01256420835852623 0.9982383814390284 0.011064751771278103 -0.008057266550033191 -0.0577302827463249
53.0 -0.01049948763102293 0.0066016800701618195 0.012718471698462963 0.998149515379568 0.009573087530534373 -0.008122630649192868 -0.05949725887806315
54.0 -0.010528448969125748 0.0065454402938485146 0.012921792455017567 0.9981083100486291 0.007989679232603464 -0.008066019522131023 -0.06042272558150959
55.0 -0.010446799919009209 0.006689827889204025 0.013012431561946869 0.9980894652824893 0.00622102324687135 -0.00783023466911092 -0.06097053047910186
56.0 -0.010611014440655708 0.006595077458769083 0.013073102571070194 0.9980840650779587 0.00462157185488704 -0.007653449372424735 -0.06122307427556283
57.0 -0.010620730929076672 0.006619908846914768 0.013122704811394215 0.9980920639419251 0.0030858061240355192 -0.007241077075407041 -0.06123950113693808
58.0 -0.010679920203983784 0.006597734522074461 0.013432159088551998 0.9981226399777839 0.0016960575372239868 -0.006923725733543344 -0.060830756814101536
59.0 -0.010627476498484612 0.006604730151593685 0.013299147598445415 0.9981064590835276 0.000617634046049481 -0.00672971799171629 -0.06113776050592366
60.0 -0.01070385705679655 0.006575900129973888 0.0134831378236413 0.9980753252163554 -0.0003401564477247993 -0.006674999747541333 -0.061652038621831294
61.0 -0.010673784650862217 0.006618646904826164 0.013364101760089397 0.998052195662698 -0.0013657450329665054 -0.006529677220286525 -0.06202671028493453
62.0 -0.01065909769386053 0.006571452599018812 0.013463803566992283 0.9980398772011323 -0.0024014483056745677 -0.006256945149529704 -0.06222127610214868
63.0 -0.010656260885298252 0.00670683803036809 0.01348778884857893 0.9980370422735321 -0.003359662426221495 -0.006166217865814127 -0.06223144442734045
64.0 -0.010709572583436966 0.006570982281118631 0.013599762693047523 0.9980357233755354 -0.004419996064943253 -0.00601541675489041 -0.06220107123131353
65.0 -0.010786964558064938 0.006624167785048485 0.013673773966729641 0.9980450578053449 -0.005481478832071306 -0.005976363143015005 -0.061970146552370056
66.0 -0.010869119316339493 0.006576662417501211 0.013871600851416588 0.9980472288070938 -0.006228947235590132 -0.00599826537402903 -0.061862347993908405
67.0 -0.010887973941862583 0.006567740347236395 0.01373974233865738 0.9980141613009459 -0.006972052300090371 -0.0059970469724489614 -0.06231500426947514
68.0 -0.01083438005298376 0.006581839174032211 0.013894258998334408 0.997982050151027 -0.007637257563326858 -0.005958907794647331 -0.06275341656961249
69.0 -0.010824767872691154 0.0066041965037584305 0.01397388894110918 0.9979771524829132 -0.00817397054975914 -0.00593560233716901 -0.0627658980055481
70.0 -0.010821348987519741 0.006579174194484949 0.014019105583429337 0.997986920023757 -0.008683572388383208 -0.00588083244122678 -0.06254693311321573
71.0 -0.010812689550220966 0.006534302141517401 0.014064443297684193 0.9979874338479435 -0.00916009500871399 -0.005785821960759805 -0.0624795871086422
72.0 -0.010855617932975292 0.006631290540099144 0.014033796265721321 0.9979893927019114 -0.009598893373900923 -0.005750192783088017 -0.062385644049121614
73.0 -0.010864944197237492 0.006550958845764399 0.01419780869036913 0.9979831844665138 -0.009875171558450056 -0.005756821488434013 -0.06244120046185663
74.0 -0.010897881351411343 0.006654439028352499 0.01433321088552475 0.9979856747572846 -0.010295867878848904 -0.005787449132294206 -0.06233051833900971
75.0 -0.010944997891783714 0.006578363012522459 0.014458701945841312 0.9979839994086779 -0.010667170827788255 -0.005784000941290049 -0.062295214293732325
76.0 -0.010924223810434341 0.0066072759218513966 0.014314236119389534 0.9979800003402599 -0.011009807156789628 -0.005764357615503103 -0.06230148672789304
77.0 -0.010866020806133747 0.0066942875273525715 0.014611423015594482 0.9979791678491138 -0.01139750022988334 -0.00568026798377759 -0.062252807834928654
78.0 -0.010876680724322796 0.006854754872620106 0.01460832916200161 0.9979848865553456 -0.011971441086038336 -0.0056928539735007135 -0.06205193163048137
79.0 -0.010904046706855297 0.006742559839040041 0.014786642044782639 0.998004712293138 -0.012204928954765585 -0.005668699318662022 -0.061688733152290655
80.0 -0.011000948026776314 0.006900670938193798 0.014839972369372845 0.9979939607912715 -0.012751727133517748 -0.00571038154696103 -0.061748192053295375
81.0 -0.011072484776377678 0.007067659869790077 0.01494115125387907 0.9980190453576934 -0.012950544240335683 -0.005727761899317218 -0.06129813415449226
