0.0 0.0298270545899868 -0.0027787680737674236 0.07789061218500137 0.9860643955310083 -0.009029528387977907 0.16355630762971354 0.029065610568030822
1.0 0.02915547788143158 -0.0024683333467692137 0.07688524574041367 0.986639793782616 -0.009088030183904909 0.16019896858804744 0.02820665693234885
2.0 0.028466040268540382 -0.0022341827861964703 0.07579585909843445 0.9872729165252362 -0.0089231449558142 0.15644258866765132 0.027171349447818082
3.0 0.027733556926250458 -0.0018924085889011621 0.07434245944023132 0.9878124905002108 -0.008804638872232151 0.1531250339741172 0.026489354777457813
4.0 0.02708761766552925 -0.0015717745991423726 0.07307819277048111 0.9884066373341546 -0.008525474958180285 0.14934800498700637 0.02597708522770632
5.0 0.026474416255950928 -0.0012412740616127849 0.07151234894990921 0.9889333122658652 -0.008359747637863565 0.14593032225100988 0.02540392800360123
6.0 0.02595265954732895 -0.0008860700763761997 0.07002732157707214 0.9895402555192013 -0.008053452187006708 0.1418402031757068 0.025031607578007774
7.0 0.025409962981939316 -0.00044732727110385895 0.06842978298664093 0.990094631881624 -0.007804823257028523 0.13798251464390074 0.024749349600820914
8.0 0.024729924276471138 -0.00024875396047718823 0.06671901792287827 0.9905735924283602 -0.0076506938089808815 0.13461585827979622 0.024166000236036753
9.0 0.024040773510932922 -0.0001292104134336114 0.06526428461074829 0.991161275624566 -0.007301616938936901 0.13033041400477305 0.02366421935548318
10.0 0.023485815152525902 0.00024637047317810357 0.06365330517292023 0.9918083617555195 -0.007042316237918978 0.1254507931024966 0.022992995537608134
11.0 0.022653432562947273 0.0005427869036793709 0.06203834339976311 0.9923892856402514 -0.006557668945255387 0.12083633144046449 0.02278340906111443
12.0 0.0221476498991251 0.0011123880976811051 0.06049954518675804 0.9930569961733583 -0.006325893274885856 0.11535162744967814 0.022176281702124264
13.0 0.02147132344543934 0.0014558257535099983 0.059168536216020584 0.9937075740297029 -0.006077461582667765 0.10973979987379381 0.021575404987471423
14.0 0.020678367465734482 0.0018525832565501332 0.05753623694181442 0.9942796640567142 -0.005681640025717398 0.10453451867989436 0.021170805706173378
15.0 0.01998627372086048 0.002257566200569272 0.056556567549705505 0.9949522573928112 -0.005231122829751138 0.09807840726255214 0.02057345113805743
16.0 0.01942402310669422 0.00256583490408957 0.0556984506547451 0.9955899306798077 -0.00504649623715157 0.09161665284527482 0.019534884850761644
17.0 0.018895341083407402 0.003046893747523427 0.054836295545101166 0.9962362677270761 -0.004534662255455619 0.08463850244160158 0.018140000217682122
18.0 0.018044158816337585 0.0033392661716789007 0.05386987328529358 0.9967546885217877 -0.004468056830372499 0.07847388205456603 0.017377491570435697
19.0 0.016881275922060013 0.0035758395679295063 0.05254843458533287 0.9972880940157512 -0.004217188715917294 0.07161982753483392 0.016409544711693612
20.0 0.016073456034064293 0.003979210276156664 0.051729701459407806 0.9977531386926617 -0.003976026775246606 0.06504281279814275 0.0155659225017487
21.0 0.015084836632013321 0.004175127018243074 0.050712160766124725 0.998171247929517 -0.0039892902275420975 0.05859170886275171 0.014326793879091079
22.0 0.013660261407494545 0.00435447646304965 0.04936199635267258 0.9985739686602034 -0.003961735934201024 0.05152877054239101 0.013383555917181465
23.0 0.012602868489921093 0.004411177709698677 0.0481141060590744 0.9989330319022761 -0.0038914714725422884 0.04436412393360664 0.012226149512751684
24.0 0.011355184949934483 0.004602992907166481 0.04729004576802254 0.9992324981478242 -0.003852114989196166 0.03758909047605262 0.010326477257602334
25.0 0.010086079128086567 0.0047961012460291386 0.04639168456196785 0.9994691724960081 -0.0038199094862010614 0.030985723362793406 0.009309482764713757
26.0 0.008741099387407303 0.005026934202760458 0.04527890309691429 0.9996705740510524 -0.0036308061362433576 0.02391903607496443 0.008569733746446893
27.0 0.007565767969936132 0.005075679626315832 0.04482754319906235 0.999811791296602 -0.003662887792047058 0.01746494611480796 0.007611891651196985
28.0 0.005914755631238222 0.0052680084481835365 0.04337859898805618 0.9999055883903893 -0.0037241427102672306 0.011294905944456425 0.006882598815043394
29.0 0.004326379857957363 0.005303584039211273 0.04304655268788338 0.9999594016383158 -0.003792388888978888 0.005433393964466869 0.006106643241842438
30.0 0.0028590045403689146 0.00543077802285552 0.0415063239634037 0.9999813126348016 -0.0038413703969063765 -0.0012933536062488663 0.004576624422208314
31.0 0.0009942275937646627 0.00545934122055769 0.04087847098708153 0.9999632480522018 -0.003960277846730502 -0.006918188541657935 0.0031555366531521188
32.0 -0.0004906273679807782 0.005324856378138065 0.039351288229227066 0.9999009352359219 -0.004336849157850042 -0.013249086546674003 0.00194246219767476
33.0 0.0 0.0 0.0 0.9998139346859493 -0.007442147563596561 -0.017791994842035818 0.000394166187115682
34.0 -0.00451115146279335 0.005557495169341564 0.036926526576280594 0.9996851582795021 -0.004639589890671952 -0.024623905347676275 -0.001312176345585906
35.0 -0.006194409914314747 0.0057695298455655575 0.03772789612412453 0.9994938386968394 -0.004404181831805886 -0.03138315414557686 -0.002786974223759704
36.0 -0.007975474931299686 0.006076124031096697 0.036720335483551025 0.9992611732632376 -0.004350654958229176 -0.037971497859449664 -0.004042865360386289
37.0 -0.010138384997844696 0.0061678197234869 0.03690561279654503 0.9989897867765892 -0.004246190789730689 -0.044403190535624255 -0.005452747023204669
38.0 -0.01217721775174141 0.0067276740446686745 0.03631795570254326 0.9986412531292472 -0.004195289429774053 -0.05144674384976039 -0.007160980540704151
39.0 -0.014332595281302929 0.00708109000697732 0.03642107546329498 0.9981882372533443 -0.004291526446674571 -0.05941023721592387 -0.008499971986218352
40.0 -0.015872232615947723 0.007609052117913961 0.03605353832244873 0.9975947502934847 -0.004271492264884772 -0.06848271090920557 -0.009827860766072657
41.0 -0.01760108210146427 0.008017304353415966 0.03520950675010681 0.9969559616695259 -0.004300299927878423 -0.07703720138483527 -0.011206583552246354
42.0 -0.01963326521217823 0.008252721279859543 0.035192932933568954 0.9961982975759515 -0.0041696708109195905 -0.08612944147805872 -0.012380834494589736
43.0 -0.021443722769618034 0.008533995598554611 0.03521605208516121 0.9953204987081189 -0.0040539483496135256 -0.09557662356210726 -0.013630091073330155
44.0 -0.023201117292046547 0.00897408090531826 0.03480119630694389 0.9943900696345993 -0.0037970223954338573 -0.10470280791340597 -0.014535957074569379
45.0 -0.02508646622300148 0.009368625469505787 0.03494686633348465 0.9933248246040073 -0.003986626199945942 -0.11431358442300812 -0.014909864295965696
46.0 -0.02678419090807438 0.009490405209362507 0.03514403849840164 0.992165825246648 -0.004061419837927094 -0.12402147273894848 -0.014462170694617891
47.0 -0.02803480252623558 0.009637029841542244 0.0353868268430233 0.9908733877847141 -0.004091911505216998 -0.13381848813749905 -0.01567794223969108
48.0 -0.02957700937986374 0.009644473902881145 0.03606869652867317 0.9894898301763443 -0.004105515093770905 -0.14362208660510908 -0.0163008270525903
49.0 -0.03137580677866936 0.009590818546712399 0.03685394674539566 0.9880029355354548 -0.003967632964717447 -0.15347733906071928 -0.016708191309117854
50.0 -0.0335979089140892 0.009845784865319729 0.03860616311430931 0.9864964289136762 -0.0035786428369329335 -0.16280519452919537 -0.017505933003437994
51.0 -0.03575794771313667 0.00988040491938591 0.040433578193187714 0.9848154577709701 -0.0032951495869945726 -0.17252983044122983 -0.019002992724156176
52.0 -0.0381091944873333 0.010037279687821865 0.04277549684047699 0.9831859927605258 -0.0029499214041957215 -0.1814962364337049 -0.019892656021991067
53.0 -0.04024809971451759 0.009750227443873882 0.044851288199424744 0.9814908555314329 -0.002640988561042808 -0.19026323002395057 -0.021647840272173334
54.0 -0.04301043599843979 0.009784054942429066 0.046984221786260605 0.9798493556933787 -0.0023426886757852124 -0.1983938373112782 -0.023013849611595187
55.0 -0.04525555670261383 0.009630747139453888 0.04897235706448555 0.9779154317284638 -0.002186348424536537 -0.20757625772190563 -0.024263666212415522
56.0 -0.04615290090441704 0.009237048216164112 0.04981105402112007 0.9759099287906927 -0.0023577160746732335 -0.21671015200378138 -0.025118958600117407
57.0 -0.04839935898780823 0.008956748992204666 0.052190572023391724 0.9738910105485997 -0.0024217735582052003 -0.22554521876261793 -0.02568635588756758
58.0 -0.04908924549818039 0.008420401252806187 0.05316842719912529 0.9715946061731725 -0.002964768625874254 -0.2351752807976665 -0.026224391392971266
59.0 -0.05094922333955765 0.007717390079051256 0.05557394027709961 0.969467205464365 -0.003113539660385454 -0.243739630489081 -0.02673267530465399
60.0 -0.05316925421357155 0.0072151958011090755 0.058313291519880295 0.9674105075202798 -0.0033717469573469345 -0.2517233031724811 -0.027219843896419772
61.0 -0.05501355975866318 0.006650646682828665 0.06104367971420288 0.9652347316903616 -0.003466654639505322 -0.2598537050265118 -0.028034746801792198
62.0 -0.056741345673799515 0.005661345552653074 0.06386370956897736 0.9630548252301873 -0.0038980472702695324 -0.267744009548337 -0.028694148868928397
63.0 -0.05863749608397484 0.0048362622037529945 0.0666564404964447 0.9608927484996143 -0.004238193860246798 -0.27538682950225335 -0.028796835422613014
64.0 -0.06127568706870079 0.0043075974099338055 0.07037732750177383 0.9588533571128405 -0.004455521676135379 -0.2823725694098531 -0.02908814062306063
65.0 -0.06401620805263519 0.003887651953846216 0.07416541874408722 0.95661662225624 -0.004600949565133725 -0.28986570234642295 -0.029005928521184613
66.0 -0.06649616360664368 0.003775415476411581 0.07799292355775833 0.9544969556332493 -0.004894822907461702 -0.2967562579499649 -0.029108860559929364
67.0 -0.06945051997900009 0.003302008844912052 0.08169485628604889 0.9522415351714698 -0.004835436478601514 -0.30389587440199184 -0.029325326422610508
68.0 -0.0705944150686264 0.0027409072499722242 0.0841006264090538 0.9501662088407331 -0.004903323958708168 -0.31025183751461693 -0.030065433810076845
69.0 -0.07358865439891815 0.002545935334637761 0.08789154887199402 0.9481601173487954 -0.00492373987556004 -0.31629483465750197 -0.030425749353795245
70.0 -0.0761571004986763 0.0024612457491457462 0.09158363938331604 0.9464497235759586 -0.0046421770359217395 -0.32136667114948425 -0.030575048808762214
71.0 -0.07887979596853256 0.0019883487839251757 0.09532881528139114 0.9446508803834123 -0.004660840079344351 -0.3265654178952231 -0.031112997212052178
72.0 -0.08008167892694473 0.0018726715352386236 0.09695282578468323 0.943117492576998 -0.00441939571662609 -0.33091102010535905 -0.0317452501897018
73.0 -0.08195116370916367 0.0017635925905779004 0.10000040382146835 0.9413599643071637 -0.00404353104394108 -0.3358320767216962 -0.03227822332633577
74.0 -0.08413881808519363 0.0015427058096975088 0.10272562503814697 0.939712999223564 -0.003842192324453805 -0.34036287687963895 -0.032830301409091635
75.0 -0.0849301889538765 0.0014648237265646458 0.10420165956020355 0.9382592211980973 -0.00355365055965376 -0.34428244726544904 -0.03356489102251041
76.0 -0.08743930608034134 0.0015230850549414754 0.10715768486261368 0.9367315948002803 -0.00337411799961447 -0.34831999220033755 -0.03457915071549339
77.0 -0.08959702402353287 0.0018847761675715446 0.10965576022863388 0.9353216442890682 -0.002533239147579939 -0.35204649287234846 -0.035075223165282714
78.0 -0.09239588677883148 0.0029467290733009577 0.11303877830505371 0.9338432336060839 -0.0014838438221140735 -0.3558850997438467 -0.03578280363466537
79.0 -0.09502170979976654 0.004612330347299576 0.11725949496030807 0.9324165762223396 0.00019219045132918888 -0.3595840916259157 -0.03603571142915477
80.0 -0.11153265833854675 0.013621470890939236 0.14939206838607788 0.926710390966427 0.008402569328165245 -0.37390341825624096 -0.03651687171480922
81.0 -0.11330452561378479 0.014085765928030014 0.1518225222826004 0.925093100661253 0.009225703455768865 -0.3778260132181673 -0.03694787193276786
82.0 -0.11487723141908646 0.01481510978192091 0.15444235503673553 0.9233459590792554 0.009509535828898 -0.3819609152124066 -0.03804823031928705
83.0 -0.1171368956565857 0.0150125278159976 0.1566392034292221 0.9220693775313669 0.00939859627557449 -0.38495007645758395 -0.038899460693778885
84.0 -0.11885420978069305 0.015082783997058868 0.1591004580259323 0.9206010762524336 0.008771842736519089 -0.3883166531028262 -0.04033472574452578
85.0 -0.12050284445285797 0.015131663531064987 0.16069327294826508 0.9193236814437976 0.008061607877982825 -0.3912192969933891 -0.04155046179097132
86.0 -0.12202505022287369 0.01530206948518753 0.1620861291885376 0.9181296268794675 0.007063530806526839 -0.39389764017403467 -0.0428105576235796
87.0 -0.12313296645879745 0.015213453210890293 0.16281302273273468 0.9170674656799147 0.006030619608117306 -0.39624613428562744 -0.04404425140988417
88.0 -0.12460833042860031 0.015243155881762505 0.16440457105636597 0.9160428781029735 0.004986645004673724 -0.39844863724852575 -0.045598928969998405
89.0 -0.12596386671066284 0.015164900571107864 0.16519586741924286 0.91503827642716 0.0038478712205378914 -0.40059542807622184 -0.04704731198177979
90.0 -0.1274491250514984 0.015141070820391178 0.16642522811889648 0.913894720716255 0.0022981862406982376 -0.4030222851895936 -0.04862299278653392
91.0 -0.12882494926452637 0.015006380155682564 0.16776563227176666 0.9128636263969682 0.0011019905461001223 -0.4051831705828588 -0.050053805995496276
92.0 -0.13002456724643707 0.014881196431815624 0.1687181442975998 0.9117611086636959 -0.0005822586012489122 -0.40743962315264676 -0.05181018421602519
93.0 -0.13130539655685425 0.01472532283514738 0.1699160784482956 0.9105002760412195 -0.0022584823956774964 -0.410037856027176 -0.05341444758460321
94.0 -0.13235794007778168 0.014741345308721066 0.17088384926319122 0.9093701520109293 -0.003987128739720967 -0.41229356860414146 -0.05517284407835157
95.0 -0.13365238904953003 0.014704305678606033 0.17219071090221405 0.9078979527420576 -0.006247725492391837 -0.4151891890279219 -0.0574474598854354
96.0 -0.1344989687204361 0.01472888607531786 0.1732369065284729 0.9068729212508635 -0.008063694384091456 -0.4171710480632807 -0.059032179297304366
97.0 -0.13565155863761902 0.0146015714854002 0.17416910827159882 0.905542689593625 -0.010462595029751517 -0.4196760586544361 -0.06127786893377778
98.0 -0.13641256093978882 0.014720125123858452 0.17483319342136383 0.9043497026302671 -0.012720020703406788 -0.42186807844189267 -0.06338091840291825
99.0 -0.13739320635795593 0.014562461525201797 0.17548242211341858 0.9034560010607939 -0.014287924289009392 -0.42350642205959976 -0.06484920848419452
