503.627563 0.000000 256.000000 0.000000 503.627563 144.000000 0.000000 0.000000 1.000000
503.627563 0.000000 256.000000 0.000000 503.627563 144.000000 0.000000 0.000000 1.000000
503.627563 0.000000 256.000000 0.000000 503.627563 144.000000 0.000000 0.000000 1.000000
503.627563 0.000000 256.000000 0.000000 503.627563 144.000000 0.000000 0.000000 1.000000
503.627563 0.000000 256.000000 0.000000 503.627563 144.000000 0.000000 0.000000 1.000000
503.627563 0.000000 256.000000 0.000000 503.627563 144.000000 0.000000 0.000000 1.000000
503.627563 0.000000 256.000000 0.000000 503.627563 144.000000 0.000000 0.000000 1.000000
503.627563 0.000000 256.000000 0.000000 503.627563 144.000000 0.000000 0.000000 1.000000
503.627563 0.000000 256.000000 0.000000 503.627563 144.000000 0.000000 0.000000 1.000000
503.627563 0.000000 256.000000 0.000000 503.627563 144.000000 0.000000 0.000000 1.000000
503.627563 0.000000 256.000000 0.000000 503.627563 144.000000 0.000000 0.000000 1.000000
503.627563 0.000000 256.000000 0.000000 503.627563 144.000000 0.000000 0.000000 1.000000
503.627563 0.000000 256.000000 0.000000 503.627563 144.000000 0.000000 0.000000 1.000000
503.627563 0.000000 256.000000 0.000000 503.627563 144.000000 0.000000 0.000000 1.000000
503.627563 0.000000 256.000000 0.000000 503.627563 144.000000 0.000000 0.000000 1.000000
503.627563 0.000000 256.000000 0.000000 503.627563 144.000000 0.000000 0.000000 1.000000
503.627563 0.000000 256.000000 0.000000 503.627563 144.000000 0.000000 0.000000 1.000000
503.627563 0.000000 256.000000 0.000000 503.627563 144.000000 0.000000 0.000000 1.000000
503.627563 0.000000 256.000000 0.000000 503.627563 144.000000 0.000000 0.000000 1.000000
503.627563 0.000000 256.000000 0.000000 503.627563 144.000000 0.000000 0.000000 1.000000
503.627563 0.000000 256.000000 0.000000 503.627563 144.000000 0.000000 0.000000 1.000000
503.627563 0.000000 256.000000 0.000000 503.627563 144.000000 0.000000 0.000000 1.000000
503.627563 0.000000 256.000000 0.000000 503.627563 144.000000 0.000000 0.000000 1.000000
503.627563 0.000000 256.000000 0.000000 503.627563 144.000000 0.000000 0.000000 1.000000
503.627563 0.000000 256.000000 0.000000 503.627563 144.000000 0.000000 0.000000 1.000000
503.627563 0.000000 256.000000 0.000000 503.627563 144.000000 0.000000 0.000000 1.000000
503.627563 0.000000 256.000000 0.000000 503.627563 144.000000 0.000000 0.000000 1.000000
503.627563 0.000000 256.000000 0.000000 503.627563 144.000000 0.000000 0.000000 1.000000
503.627563 0.000000 256.000000 0.000000 503.627563 144.000000 0.000000 0.000000 1.000000
503.627563 0.000000 256.000000 0.000000 503.627563 144.000000 0.000000 0.000000 1.000000
503.627563 0.000000 256.000000 0.000000 503.627563 144.000000 0.000000 0.000000 1.000000
503.627563 0.000000 256.000000 0.000000 503.627563 144.000000 0.000000 0.000000 1.000000
503.627563 0.000000 256.000000 0.000000 503.627563 144.000000 0.000000 0.000000 1.000000
503.627563 0.000000 256.000000 0.000000 503.627563 144.000000 0.000000 0.000000 1.000000
503.627563 0.000000 256.000000 0.000000 503.627563 144.000000 0.000000 0.000000 1.000000
503.627563 0.000000 256.000000 0.000000 503.627563 144.000000 0.000000 0.000000 1.000000
503.627563 0.000000 256.000000 0.000000 503.627563 144.000000 0.000000 0.000000 1.000000
503.627563 0.000000 256.000000 0.000000 503.627563 144.000000 0.000000 0.000000 1.000000
503.627563 0.000000 256.000000 0.000000 503.627563 144.000000 0.000000 0.000000 1.000000
503.627563 0.000000 256.000000 0.000000 503.627563 144.000000 0.000000 0.000000 1.000000
503.627563 0.000000 256.000000 0.000000 503.627563 144.000000 0.000000 0.000000 1.000000
503.627563 0.000000 256.000000 0.000000 503.627563 144.000000 0.000000 0.000000 1.000000
503.627563 0.000000 256.000000 0.000000 503.627563 144.000000 0.000000 0.000000 1.000000
503.627563 0.000000 256.000000 0.000000 503.627563 144.000000 0.000000 0.000000 1.000000
503.627563 0.000000 256.000000 0.000000 503.627563 144.000000 0.000000 0.000000 1.000000
503.627563 0.000000 256.000000 0.000000 503.627563 144.000000 0.000000 0.000000 1.000000
503.627563 0.000000 256.000000 0.000000 503.627563 144.000000 0.000000 0.000000 1.000000
503.627563 0.000000 256.000000 0.000000 503.627563 144.000000 0.000000 0.000000 1.000000
503.627563 0.000000 256.000000 0.000000 503.627563 144.000000 0.000000 0.000000 1.000000
503.627563 0.000000 256.000000 0.000000 503.627563 144.000000 0.000000 0.000000 1.000000
