421.847504 0.000000 256.000000 0.000000 421.847504 144.000000 0.000000 0.000000 1.000000
421.847504 0.000000 256.000000 0.000000 421.847504 144.000000 0.000000 0.000000 1.000000
421.847504 0.000000 256.000000 0.000000 421.847504 144.000000 0.000000 0.000000 1.000000
421.847504 0.000000 256.000000 0.000000 421.847504 144.000000 0.000000 0.000000 1.000000
421.847504 0.000000 256.000000 0.000000 421.847504 144.000000 0.000000 0.000000 1.000000
421.847504 0.000000 256.000000 0.000000 421.847504 144.000000 0.000000 0.000000 1.000000
421.847504 0.000000 256.000000 0.000000 421.847504 144.000000 0.000000 0.000000 1.000000
421.847504 0.000000 256.000000 0.000000 421.847504 144.000000 0.000000 0.000000 1.000000
421.847504 0.000000 256.000000 0.000000 421.847504 144.000000 0.000000 0.000000 1.000000
421.847504 0.000000 256.000000 0.000000 421.847504 144.000000 0.000000 0.000000 1.000000
421.847504 0.000000 256.000000 0.000000 421.847504 144.000000 0.000000 0.000000 1.000000
421.847504 0.000000 256.000000 0.000000 421.847504 144.000000 0.000000 0.000000 1.000000
421.847504 0.000000 256.000000 0.000000 421.847504 144.000000 0.000000 0.000000 1.000000
421.847504 0.000000 256.000000 0.000000 421.847504 144.000000 0.000000 0.000000 1.000000
421.847504 0.000000 256.000000 0.000000 421.847504 144.000000 0.000000 0.000000 1.000000
421.847504 0.000000 256.000000 0.000000 421.847504 144.000000 0.000000 0.000000 1.000000
421.847504 0.000000 256.000000 0.000000 421.847504 144.000000 0.000000 0.000000 1.000000
421.847504 0.000000 256.000000 0.000000 421.847504 144.000000 0.000000 0.000000 1.000000
421.847504 0.000000 256.000000 0.000000 421.847504 144.000000 0.000000 0.000000 1.000000
421.847504 0.000000 256.000000 0.000000 421.847504 144.000000 0.000000 0.000000 1.000000
421.847504 0.000000 256.000000 0.000000 421.847504 144.000000 0.000000 0.000000 1.000000
421.847504 0.000000 256.000000 0.000000 421.847504 144.000000 0.000000 0.000000 1.000000
421.847504 0.000000 256.000000 0.000000 421.847504 144.000000 0.000000 0.000000 1.000000
421.847504 0.000000 256.000000 0.000000 421.847504 144.000000 0.000000 0.000000 1.000000
421.847504 0.000000 256.000000 0.000000 421.847504 144.000000 0.000000 0.000000 1.000000
421.847504 0.000000 256.000000 0.000000 421.847504 144.000000 0.000000 0.000000 1.000000
421.847504 0.000000 256.000000 0.000000 421.847504 144.000000 0.000000 0.000000 1.000000
421.847504 0.000000 256.000000 0.000000 421.847504 144.000000 0.000000 0.000000 1.000000
421.847504 0.000000 256.000000 0.000000 421.847504 144.000000 0.000000 0.000000 1.000000
421.847504 0.000000 256.000000 0.000000 421.847504 144.000000 0.000000 0.000000 1.000000
421.847504 0.000000 256.000000 0.000000 421.847504 144.000000 0.000000 0.000000 1.000000
421.847504 0.000000 256.000000 0.000000 421.847504 144.000000 0.000000 0.000000 1.000000
421.847504 0.000000 256.000000 0.000000 421.847504 144.000000 0.000000 0.000000 1.000000
421.847504 0.000000 256.000000 0.000000 421.847504 144.000000 0.000000 0.000000 1.000000
421.847504 0.000000 256.000000 0.000000 421.847504 144.000000 0.000000 0.000000 1.000000
421.847504 0.000000 256.000000 0.000000 421.847504 144.000000 0.000000 0.000000 1.000000
421.847504 0.000000 256.000000 0.000000 421.847504 144.000000 0.000000 0.000000 1.000000
421.847504 0.000000 256.000000 0.000000 421.847504 144.000000 0.000000 0.000000 1.000000
421.847504 0.000000 256.000000 0.000000 421.847504 144.000000 0.000000 0.000000 1.000000
421.847504 0.000000 256.000000 0.000000 421.847504 144.000000 0.000000 0.000000 1.000000
