0.0 0.009226803667843342 0.00044306155177764595 -0.00534532405436039 0.9642094626391086 -0.033230553071944106 0.2550974005085913 0.06419625186483761
1.0 0.008959554135799408 0.0003624648379627615 -0.005239630583673716 0.9656080883723756 -0.03365488233076937 0.25015402876375387 0.062380529481655324
2.0 0.008731079287827015 0.00022304468438960612 -0.004933648277074099 0.9671632535021917 -0.033623250383444644 0.24456736990746708 0.06042780556376036
3.0 0.008552606217563152 0.00023573874204885215 -0.004834745079278946 0.9686489546708161 -0.03322608691513793 0.2390773333193478 0.058798456241235614
4.0 0.008229448460042477 0.00022470754629466683 -0.004534043371677399 0.9702151041443979 -0.03291524526532644 0.23309378690650673 0.057153519793467264
5.0 0.008005314506590366 0.000303943466860801 -0.004384561907500029 0.9717951726771211 -0.03299243581828042 0.22683620028479487 0.05541642157860419
6.0 0.007737993262708187 0.00017584426677785814 -0.004129454493522644 0.9733638415850074 -0.03256177862973284 0.22057207365668097 0.053390287413878953
7.0 0.007641213946044445 0.00014546711463481188 -0.003994813654571772 0.9749797208132371 -0.03153328046842941 0.21398642064945245 0.05128360365143318
8.0 0.007108292542397976 0.00010858830501092598 -0.003689027391374111 0.9766239486456352 -0.030663583656764307 0.2067901297943038 0.050032487333603916
9.0 0.006900331471115351 0.00010898934124270454 -0.0034745156299322844 0.9782370444954722 -0.03003263942998346 0.19946698127561185 0.04861325669431003
10.0 0.00665421225130558 0.00014472584007307887 -0.0033136396668851376 0.9798146732646045 -0.0291618175483418 0.19215614896783642 0.0467847076137523
11.0 0.0063954126089811325 0.00011123187869088724 -0.0030921874567866325 0.9814003722166641 -0.02851861627852672 0.18441118501756795 0.04508339804149109
12.0 0.006036767736077309 0.00013004671200178564 -0.0028550480492413044 0.9830115295391094 -0.028263182675212918 0.17605778132019953 0.04351072206775025
13.0 0.0057636103592813015 0.00010729374480433762 -0.0026716855354607105 0.9845319024246237 -0.028142513089674945 0.16781841092949318 0.04173623148115188
14.0 0.0054651363752782345 2.6304040147806518e-05 -0.002502531511709094 0.9859918484141218 -0.027837556610721532 0.15958873570581267 0.039706180106737494
15.0 0.005231108982115984 -3.483661566860974e-05 -0.002266520168632269 0.9873627896147771 -0.027234449327963945 0.15132695774887464 0.038381744519995424
16.0 0.0048537105321884155 -1.0330317309126258e-05 -0.0020153389777988195 0.9886810770399966 -0.026578039420944936 0.14297569795244863 0.03689560297082795
17.0 0.004663641098886728 -5.191543459659442e-05 -0.0018541214521974325 0.9899408136237264 -0.025748172945736527 0.13464088993050236 0.035014966381153444
18.0 0.004416593816131353 6.801875861128792e-05 -0.0017517294036224484 0.991152071694473 -0.025225393717252093 0.12606246905526294 0.03300763825623808
19.0 0.004276604857295752 2.1749672669102438e-05 -0.0015770933823660016 0.9922010718012623 -0.025210611071871926 0.11814089678397467 0.030727621334679694
20.0 0.0037746692541986704 -8.213688124669716e-05 -0.0013366721104830503 0.9931973515202561 -0.024693257762667814 0.11016447629515987 0.02851406875260292
21.0 0.003530745394527912 -0.00014283423661254346 -0.0011905196588486433 0.994158175086967 -0.02349171676104753 0.10190577084295112 0.026699738206099173
22.0 0.0032515048515051603 -9.540978498989716e-05 -0.0011108247563242912 0.9950786808218169 -0.022662698965921543 0.09315707849496556 0.02503157557516788
23.0 0.002952494425699115 -7.226144953165203e-05 -0.0009766952134668827 0.9958928756220018 -0.02186706626611023 0.08474389569988026 0.02318801069219783
24.0 0.002760566771030426 -8.128424087772146e-05 -0.0008224461344070733 0.9966116245108395 -0.02105080265063377 0.07649726694696757 0.021686441553974607
25.0 0.002565286820754409 -0.00012294284533709288 -0.0006919798324815929 0.9972471974147151 -0.02000284359479205 0.06847762653196804 0.020217026516448664
26.0 0.0022437311708927155 -0.00012629023694898933 -0.0005453791818581522 0.9978059200589259 -0.019080265301143335 0.06065641243362286 0.018441502164429042
27.0 0.0018775511998683214 -0.0001104698603739962 -0.000478825211757794 0.9983156571525462 -0.01801395355800945 0.05250281734528243 0.01687602832710983
28.0 0.0015390070620924234 -2.8576452677953057e-05 -0.0003674121689982712 0.9987605477205178 -0.01731783584040033 0.04415865885680179 0.015082232155254578
29.0 0.0014079326065257192 -0.0001236553944181651 -0.00025063587236218154 0.999128519961473 -0.016724545528110583 0.03589834317126906 0.01318328995480232
30.0 0.0011845341650769114 -0.0001360730966553092 -0.0002118025004165247 0.9994267040121857 -0.015682656707873638 0.02782814768617097 0.011221041942643804
31.0 0.0009226085967384279 -4.041987267555669e-05 -0.00022331264335662127 0.9996435159713036 -0.014747319923399498 0.02006429247768931 0.009632325730402111
32.0 0.0006659370847046375 -5.6372693507000804e-05 -0.00012007194891339168 0.9997887739167611 -0.014126012424609992 0.012462007751869944 0.008219591583019978
33.0 0.000523015100043267 -8.111701026791707e-05 -8.344874368049204e-05 0.9998718223433297 -0.01351139458434546 0.005237347164867066 0.00680817852950885
34.0 0.0002540410205256194 -9.437610424356535e-05 1.875691282293701e-07 0.999901958091225 -0.012818716074373853 -0.001958594429203214 0.005283808418235892
35.0 0.0 0.0 0.0 0.9998681327987544 -0.012589886270770189 -0.00944753312151361 0.003994483087890402
36.0 -0.0001570261811139062 -7.200759864645079e-05 -1.1765683893827372e-06 0.9997753012211594 -0.012425142573064775 -0.016951736577209223 0.0027570867225856447
37.0 -0.0002273061400046572 -0.0001114007318392396 -1.2777393749274779e-05 0.9996411140573529 -0.011814808347670009 -0.023968100584997473 0.0018930251529399535
38.0 -0.00043509979150258005 -0.0002061661216430366 0.00012724280531983823 0.9994827342087886 -0.010673174787145712 -0.030314137013974375 0.001183408460784418
39.0 -0.000836523191537708 -3.370759077370167e-05 -2.460010364302434e-05 0.99927955346097 -0.010368273844961733 -0.03650416569264047 0.0005646409518750767
